27
36
53
40
31
39
43
40
56
63
32
52
39
42
39
53
58
55
37
42
40
49
51
70
43
51
56
36
38
38
36
45
48
31
47
40
46
60
42
36
37
35
33
33
60
38
56
49
38
39
46
51
27
60
21
46
41
39
55
52
56
41
64
40
36
32
48
46
40
47
31
60
33
56
53
28
39
48
42
52
33
39
44
52
57
53
54
43
27
49
34
48
46
45
38
33
38
39
37
56
38
50
68
42
35
49
22
49
47
49
41
45
37
40
38
57
59
49
44
47
46
45
61
73
39
41
46
45
33
54
40
44
58
30
41
33
47
34
29
47
38
31
44
32
45
58
77
35
33
40
70
31
38
48
30
55
48
59
39
48
32
53
54
48
28
35
40
37
59
56
41
46
35
42
61
37
27
38
48
32
46
52
76
38
48
39
46
35
38
34
34
41
62
39
32
43
69
63
36
38
39
36
35
36
31
48
45
31
40
27
47
39
42
54
47
57
35
29
62
53
44
42
50
35
34
36
38
53
58
50
45
48
38
34
55
47
47
27
44
30
32
29
52
48
38
54
29
29
24
49
46
44
33
27
46
31
72
35
48
41
59
45
65
31
50
45
66
29
56
38
49
31
59
41
47
34
32
58
38
32
39
46
31
39
37
35
30
37
50
36
37
52
31
40
48
31
34
31
41
49
47
38
50
28
47
60
60
42
29
24
45
37
36
30
31
49
28
47
44
58
26
38
35
58
34
41
56
53
30
39
46
42
32
31
33
47
29
28
29
36
34
29
33
74
29
42
37
34
28
40
41
23
56
44
24
36
48
46
44
36
37
43
52
35
31
59
44
36
49
34
37
32
45
47
48
39
52
40
37
41
26
35
47
37
42
35
47
30
65
58
52
33
35
45
42
28
30
45
61
34
35
44
42
40
48
53
47
64
41
58
45
55
40
29
39
44
50
52
55
56
38
47
59
54
44
37
46
27
33
64
40
52
36
32
42
59
39
60
33
29
42
57
32
27
39
37
35
32
52
37
52
28
46
36
27
29
41
41
42
28
42
32
64
40
52
32
31
37
32
39
41
35
54
34
40
34
41
39
43
44
42
45
47
54
48
36
45
47
62
40
50
41
42
47
53
45
32
37
46
28
39
39
54
40
48
35
39
37
31
39
31
43
54
39
43
52
43
39
76
44
58
38
42
37
54
33
49
47
36
43
31
45
55
56
39
30
45
39
41
51
31
35
41
51
37
31
50
48
43
48
32
34
48
37
30
42
38
37
42
61
36
58
51
37
46
55
33
48
57
40
46
54
42
54
46
47
26
36
37
38
41
46
33
52
56
48
33
37
51
35
30
69
30
46
49
46
31
43
47
43
48
38
36
45
52
37
36
69
32
39
42
51
40
26
37
25
44
41
35
30
43
61
57
34
36
56
45
48
39
39
45
42
58
46
39
51
37
46
42
46
50
47
51
43
45
33
33
43
27
42
33
56
40
49
33
48
42
28
42
45
35
30
32
42
38
46
57
37
37
55
46
35
40
32
46
49
37
31
34
36
29
39
40
39
36
47
32
32
35
32
46
35
62
40
43
71
33
64
41
59
47
37
38
40
25
41
44
56
55
49
56
29
46
40
48
33
34
38
43
37
38
44
33
31
51
57
37
42
54
49
39
36
30
32
36
52
37
58
34
57
62
46
32
40
36
32
45
48
39
37
38
46
39
29
36
45
35
48
58
31
61
35
35
45
34
37
45
38
56
33
42
46
43
49
40
55
57
37
32
50
37
52
48
31
47
47
45
43
42
49
36
42
45
71
47
39
37
38
40
30
