10007 
10010 
10021 
10034 
10054 
10063 
10065 
10096 
10100 
10115 
10117 
10133 
10157 
10173 
10175 
10188 
10201 
10210 
10221 
10225 
10230 
10232 
10249 
1027 
1032 
1036 
1045 
1050 
1052 
1056 
1083 
11002 
11011 
11019 
11031 
11039 
11073 
11077 
11095 
11103 
11130 
11169 
11189 
11222 
11240 
11244 
11246 
11251 
11253 
1126 
11262 
11266 
11268 
11275 
11307 
11316 
11318 
11329 
11350 
11352 
11354 
11365 
1137 
11372 
11378 
11385 
11398 
11417 
11426 
11433 
11435 
11440 
11477 
11480 
11512 
11527 
11552 
11565 
11570 
11602 
11606 
11608 
11622 
11624 
11653 
11668 
11688 
11707 
11710 
11714 
11723 
11727 
11729 
11736 
11745 
11790 
11800 
11820 
1184 
1186 
11868 
11871 
11879 
1188 
11880 
11884 
11888 
11891 
11921 
11943 
11950 
1197 
11976 
11978 
1203 
1210 
12146 
1218 
1221 
1227 
1232 
12818 
13226 
17608 
17624 
17628 
17644 
17688 
17701 
17703 
17707 
17729 
17734 
17738 
17747 
17783 
17785 
17789 
17826 
17842 
17853 
17859 
17862 
17871 
17974 
18016 
18047 
18050 
18056 
18669 
18672 
18689 
18717 
18719 
18748 
18762 
18768 
18809 
18829 
18883 
18902 
18908 
18939 
18957 
18964 
18973 
18984 
18988 
18995 
19002 
19011 
19013 
19020 
19039 
19042 
19075 
19095 
19101 
19114 
19127 
19141 
19176 
19178 
19183 
19185 
19187 
19206 
19235 
19248 
19251 
19286 
19291 
19323 
19329 
19343 
19363 
19367 
19378 
19385 
19390 
19402 
19406 
19422 
19428 
2004 
20145 
20149 
20152 
20156 
20169 
20190 
20192 
20202 
20208 
20219 
20260 
20264 
20280 
20303 
20309 
20350 
20354 
20361 
20363 
2037 
20378 
2039 
20394 
20404 
20408 
20420 
20428 
20431 
20468 
20491 
20514 
20516 
20527 
2055 
20554 
20565 
20567 
20574 
20592 
20594 
20619 
20633 
20640 
20655 
20664 
20682 
20691 
20701 
20703 
20707 
20712 
20721 
20738 
20747 
2075 
20781 
20806 
20815 
20819 
20820 
20828 
20835 
20840 
20848 
20851 
20859 
20871 
20899 
20907 
2091 
20916 
20929 
20930 
20932 
20941 
20943 
20965 
20967 
20981 
20985 
20990 
21036 
21038 
21061 
2109 
2112 
2121 
2147 
21766 
2189 
21979 
22 
2222 
2224 
2226 
2233 
2240 
2242 
2264 
2268 
2280 
2295 
2301 
2314 
2334 
2345 
2350 
2365 
2406 
2422 
2426 
2435 
2437 
2448 
2453 
2477 
2482 
2497 
2499 
2509 
2530 
2549 
2550 
2552 
2558 
2578 
2581 
2596 
2602 
2628 
2653 
2655 
26561 
26572 
26615 
26633 
2664 
26640 
26655 
26657 
26659 
2668 
26695 
26707 
2671 
2673 
26734 
26750 
26754 
26776 
26785 
26790 
2680 
26800 
26817 
26875 
26877 
26886 
26954 
2697 
26972 
2699 
27009 
27023 
2707 
27098 
2723 
2730 
2736 
2750 
27614 
27627 
27636 
27638 
27641 
27643 
27669 
27670 
27685 
27731 
27739 
27744 
27746 
27748 
27755 
27766 
27768 
27771 
27775 
27788 
27801 
27818 
2783 
27832 
27847 
27854 
27870 
27896 
27904 
27939 
27955 
27959 
27964 
27971 
27975 
27993 
28004 
28015 
28017 
2802 
28039 
28044 
28046 
28048 
28059 
28066 
28082 
28086 
28091 
28099 
28107 
28109 
28118 
28129 
28130 
28163 
28192 
28196 
28206 
28211 
28213 
28215 
2822 
28226 
28235 
2835 
2853 
2860 
2862 
2868 
2877 
2886 
29029 
29036 
29056 
29058 
29061 
29063 
29069 
29087 
29094 
29106 
29122 
29126 
29131 
29135 
29137 
29148 
29157 
29177 
29195 
29201 
29216 
29267 
2927 
29270 
29272 
29278 
29281 
2929 
29298 
29302 
29308 
29328 
29337 
29344 
29368 
29384 
29388 
29397 
29405 
29407 
29410 
29416 
29421 
29423 
29425 
2943 
29441 
29443 
29452 
29458 
29461 
29469 
29481 
29489 
29496 
29513 
29515 
29528 
29539 
29564 
29566 
29575 
29579 
29580 
29591 
29597 
29618 
29627 
29629 
29636 
29638 
29667 
29674 
29676 
29685 
29724 
29737 
29746 
29779 
29786 
29797 
29805 
29807 
29832 
29867 
29881 
29894 
29911 
29913 
29922 
29940 
2996 
29986 
30023 
30029 
3009 
30210 
3027 
30535 
3126 
3364 
35451 
35462 
35547 
35556 
35615 
35640 
35655 
35675 
35684 
35710 
35712 
35802 
35811 
35822 
35824 
35840 
35884 
35918 
35936 
35990 
36537 
36548 
36575 
36580 
36586 
36597 
36603 
36609 
36621 
36647 
36658 
36669 
36681 
36683 
36687 
36702 
36724 
36733 
36742 
36746 
36768 
36803 
36812 
36832 
36843 
36845 
36883 
36892 
36900 
36926 
36935 
36951 
36966 
36980 
37006 
37026 
37073 
37077 
37095 
37101 
37103 
37130 
37145 
37150 
37172 
37178 
37185 
37187 
37190 
37202 
37239 
37255 
37266 
37271 
37291 
37529 
38007 
38056 
38061 
38092 
38100 
38115 
38120 
38126 
38151 
38162 
38191 
38197 
38218 
38229 
38243 
38247 
38250 
38283 
38302 
38346 
38360 
38362 
38364 
38375 
38380 
38401 
38405 
38445 
38474 
38476 
38478 
38483 
38487 
38489 
38500 
38504 
38508 
38519 
38522 
38526 
38528 
38531 
38568 
38582 
38584 
38629 
38647 
38650 
38676 
38678 
38683 
38690 
38696 
38713 
38719 
38737 
38739 
38742 
38755 
38762 
38764 
38803 
38814 
38829 
38854 
38863 
38874 
38887 
38906 
38917 
38919 
38931 
38966 
38997 
39024 
39033 
39691 
44514 
44529 
44550 
44628 
44635 
44640 
44651 
44653 
44705 
44732 
44736 
44745 
44750 
44763 
44767 
44770 
44800 
44819 
44848 
44853 
44857 
44925 
44938 
44945 
44998 
45009 
45056 
45122 
45201 
45559 
45560 
45568 
45573 
45584 
45593 
45601 
45630 
45636 
45645 
45649 
45652 
45658 
45661 
45670 
45685 
45702 
45706 
45724 
45733 
45737 
45753 
45760 
45766 
45775 
45782 
45827 
45865 
45908 
45913 
45919 
45953 
45964 
45975 
45986 
46017 
46026 
46033 
46039 
46075 
46086 
46091 
46107 
46116 
46145 
46150 
46152 
46154 
46165 
46169 
46172 
46190 
46211 
46242 
46248 
46277 
46284 
46288 
46301 
46327 
46330 
47076 
47078 
47096 
47098 
47117 
47120 
47146 
47164 
47177 
47218 
47227 
47272 
47283 
47290 
47296 
47319 
47324 
47328 
47364 
47368 
47380 
47407 
47409 
47427 
47430 
47436 
47454 
47465 
47474 
47496 
47508 
47528 
47540 
47546 
47610 
47654 
47670 
47678 
47683 
47690 
47728 
47777 
47795 
47803 
47810 
47856 
47858 
47861 
47898 
47906 
47911 
47915 
47920 
47940 
47955 
47962 
47968 
47995 
48000 
48013 
48060 
48505 
52766 
53493 
53503 
53543 
53583 
53594 
53606 
53611 
53615 
53626 
53635 
53639 
53695 
53710 
53721 
53723 
53734 
53745 
53772 
53860 
53899 
53907 
53992 
53996 
53998 
54005 
54034 
54047 
54052 
54593 
54627 
54636 
54647 
54649 
54667 
54683 
54704 
54742 
54746 
54766 
54768 
54782 
54784 
54803 
54805 
54807 
54809 
54814 
54823 
54852 
54863 
54883 
54898 
54924 
54939 
54942 
54957 
54962 
54975 
55022 
55028 
55037 
55044 
55048 
55053 
55064 
55071 
55107 
55121 
55150 
55154 
55156 
55158 
55165 
55169 
55176 
55181 
55185 
55198 
552 
55204 
55231 
55251 
55255 
55262 
55301 
55327 
55329 
558 
56092 
56100 
56108 
56113 
56115 
56124 
56139 
56188 
56205 
56210 
56230 
56243 
56281 
56294 
56313 
56320 
56344 
56357 
56360 
56368 
56373 
56380 
56384 
56395 
56403 
56407 
56414 
56494 
56496 
56519 
56559 
56577 
56609 
56627 
56645 
56661 
56672 
56678 
56696 
567 
56717 
56724 
56742 
56777 
56786 
56788 
56818 
56843 
56852 
56870 
56874 
56878 
56890 
569 
56908 
56917 
56924 
56931 
56939 
56946 
56964 
56966 
56977 
56979 
570 
57020 
57022 
57024 
57044 
57053 
57064 
57073 
57084 
57112 
578 
583 
58382 
585 
594 
606 
611 
613 
61560 
617 
619 
62457 
62459 
62464 
62473 
62486 
62510 
62572 
62611 
62657 
62778 
62787 
62811 
62819 
62826 
62899 
62927 
62932 
62938 
62943 
62947 
644 
646 
648 
655 
671 
701 
710 
712 
716 
727 
741 
749 
765 
7670 
776 
783 
790 
819 
839 
844 
8446 
846 
8460 
8468 
8473 
8516 
8538 
8558 
8587 
859 
8602 
8604 
8626 
866 
8664 
8677 
8688 
871 
8767 
8796 
8802 
8831 
8839 
8879 
8882 
8916 
895 
8952 
8954 
909 
923 
925 
938 
9490 
9492 
9496 
9500 
9511 
9517 
9535 
9553 
956 
9560 
9582 
9595 
9599 
9603 
9621 
9627 
9650 
9656 
967 
9676 
9678 
9685 
9746 
9753 
976 
9768 
9771 
9773 
9780 
9795 
9801 
9841 
985 
9856 
9865 
9878 
9896 
9904 
9911 
9917 
9922 
9933 
9942 
9944 
9951 
9999 
10031 
10035 
10051 
10071 
10077 
10088 
10093 
10095 
10099 
10116 
10121 
10132 
10152 
10158 
10161 
10196 
10222 
10226 
10228 
10233 
10242 
10244 
10248 
1046 
1051 
10974 
10985 
10987 
1099 
11001 
11003 
11023 
11036 
11047 
1107 
11070 
11089 
11094 
11108 
11111 
11140 
11144 
11166 
11180 
11182 
11184 
11205 
11227 
11245 
11269 
11274 
11283 
1129 
11292 
11311 
1132 
11322 
11326 
11339 
11360 
11373 
11375 
11377 
11386 
11395 
11401 
11432 
1145 
11469 
11474 
11526 
11551 
1156 
11566 
11568 
11571 
11584 
11605 
11625 
11645 
11667 
11685 
11687 
11704 
11713 
11715 
11720 
11731 
11733 
11739 
11753 
11762 
11777 
11780 
11807 
11809 
11823 
11841 
11852 
11876 
11898 
11904 
11935 
11971 
12000 
12075 
1215 
1219 
12200 
1228 
1235 
1237 
1248 
12709 
12798 
13469 
17623 
17629 
17632 
17634 
17641 
17645 
17649 
17689 
17698 
17731 
17735 
17744 
17779 
17797 
17812 
17834 
17843 
17845 
17849 
17861 
17935 
17939 
17944 
17962 
18037 
18039 
18051 
18082 
18121 
18707 
18714 
18716 
18730 
18743 
18747 
18749 
18756 
18787 
18796 
18828 
18840 
18842 
18851 
18857 
18871 
18879 
18880 
18882 
18884 
18897 
18910 
18914 
18921 
18972 
18994 
19003 
19018 
19045 
19049 
19065 
19069 
19092 
19106 
19120 
19131 
19184 
19186 
19197 
19210 
19254 
19261 
19278 
19283 
19313 
19342 
19348 
19351 
19366 
19391 
19399 
19405 
19421 
19434 
1996 
20133 
20159 
20195 
20203 
20205 
20218 
20230 
20232 
20234 
20241 
20258 
20269 
20276 
20289 
20292 
20294 
20298 
20306 
20320 
20326 
20328 
20333 
20348 
20377 
20380 
20388 
20393 
20410 
20467 
20483 
20487 
20490 
20504 
20515 
2052 
20531 
20540 
20546 
20551 
20553 
20593 
20616 
20647 
20667 
20681 
20690 
20711 
2072 
20726 
20728 
20735 
20739 
20759 
20777 
20782 
20788 
20816 
20836 
20850 
20854 
20861 
20870 
20885 
20889 
20894 
2092 
20926 
20939 
20953 
20955 
20971 
20997 
21002 
21015 
21044 
2108 
21093 
21110 
21121 
21158 
2128 
2131 
2177 
21833 
2207 
2212 
2223 
2230 
2256 
2263 
2272 
2328 
2399 
2438 
2443 
2461 
2467 
2485 
2489 
2492 
2494 
2500 
2511 
2513 
2533 
2548 
2553 
2566 
2568 
2605 
2609 
2616 
2641 
26573 
26607 
26612 
26618 
26621 
26627 
2663 
2670 
26711 
26737 
2676 
26863 
26869 
26881 
26896 
26906 
2692 
26951 
26957 
26959 
2696 
26971 
26984 
27000 
27013 
27031 
27033 
27037 
2735 
2757 
27631 
27635 
2766 
27664 
27673 
27693 
27697 
27714 
27721 
27723 
27730 
27743 
27747 
27749 
27767 
27796 
27798 
27800 
27802 
27824 
27833 
27837 
27839 
27844 
27846 
27857 
27860 
27884 
27888 
27891 
27941 
27947 
27949 
27965 
2797 
27974 
27976 
27989 
27994 
28003 
28016 
28018 
28021 
28023 
28029 
28032 
28034 
28049 
28078 
28092 
28094 
28098 
2810 
28120 
28122 
28140 
28151 
28153 
2816 
28162 
28168 
28173 
28180 
28182 
28184 
2821 
28210 
28241 
28243 
28245 
28247 
2825 
28274 
28283 
2829 
28292 
28302 
28304 
2834 
2861 
2883 
2902 
29064 
29068 
29084 
29112 
29154 
29169 
29196 
29200 
29237 
29240 
29271 
29273 
29279 
29284 
29303 
29314 
29318 
29327 
29332 
29336 
29369 
29372 
29389 
29390 
29398 
2940 
29408 
29428 
29431 
29435 
29453 
29466 
29507 
2951 
29523 
29572 
29578 
29594 
29606 
29615 
2962 
29622 
29628 
29637 
29646 
29657 
29659 
29662 
29666 
29668 
29671 
2968 
29680 
29712 
29716 
29718 
29729 
29747 
29749 
29758 
29792 
29794 
29796 
29800 
29813 
29819 
29822 
29839 
29888 
29947 
2997 
29983 
29994 
30019 
30020 
3017 
3040 
30787 
3189 
3398 
35456 
35470 
35481 
35502 
35504 
35524 
35531 
35546 
35580 
35605 
35612 
35634 
35663 
35667 
35687 
35698 
35739 
35801 
35906 
35913 
35955 
35993 
36529 
36536 
36543 
36552 
36567 
36615 
36644 
36648 
36659 
36666 
36673 
36705 
36729 
36756 
36761 
36772 
36776 
36785 
36804 
36813 
36820 
36835 
36837 
36839 
36846 
36851 
36862 
36871 
36886 
36899 
36909 
36929 
36930 
36956 
36958 
36970 
36981 
37036 
37047 
37056 
37061 
37067 
37069 
37089 
37111 
37131 
37159 
37162 
37171 
37180 
37182 
37193 
37195 
37207 
37210 
37230 
37234 
37236 
37238 
37241 
37254 
37265 
37276 
37999 
38020 
38031 
38039 
38062 
38088 
38105 
38129 
38136 
38141 
38143 
38187 
38217 
38220 
38233 
38255 
38264 
38273 
38277 
38279 
38297 
38314 
38354 
38387 
38420 
38435 
38437 
38440 
38448 
38475 
38512 
38523 
38527 
38529 
38538 
38552 
38554 
38576 
38592 
38608 
38617 
38626 
38635 
38642 
38644 
38653 
38680 
38684 
38688 
38705 
38710 
38721 
38747 
38752 
38774 
38792 
38804 
38815 
38840 
38884 
38901 
38903 
38907 
38929 
38930 
38945 
38947 
38956 
38963 
38990 
39085 
39166 
43800 
44533 
44540 
44546 
44555 
44571 
44588 
44595 
44601 
44621 
44652 
44661 
44667 
44676 
44681 
44685 
44696 
44724 
44735 
44753 
44764 
44780 
44856 
44865 
44887 
44890 
44926 
44935 
44942 
44953 
44960 
44973 
45004 
45040 
45466 
45570 
45572 
45578 
45585 
45596 
45600 
45602 
45617 
45620 
45639 
45653 
45673 
45677 
45680 
45684 
45701 
45714 
45749 
45754 
45756 
45767 
45785 
45789 
45798 
45804 
45813 
45815 
45824 
45857 
45862 
45882 
45901 
45916 
45967 
45970 
45983 
46038 
46047 
46085 
46090 
46096 
46113 
46124 
46128 
46131 
46140 
46164 
46188 
46210 
46214 
46229 
46241 
46245 
46265 
46267 
46274 
46281 
46304 
46308 
46319 
46326 
47073 
47103 
47127 
47154 
47156 
47176 
47181 
47189 
47208 
47219 
47228 
47242 
47248 
47275 
47279 
47293 
47323 
47329 
47343 
47350 
47356 
47372 
47390 
47392 
47398 
47408 
47415 
47453 
47460 
47488 
47491 
47501 
47503 
47505 
47510 
47530 
47570 
47589 
47590 
47596 
47648 
47671 
47691 
47695 
47736 
47745 
47752 
47754 
47770 
47772 
47776 
47802 
47819 
47820 
47835 
47846 
47855 
47859 
47864 
47897 
47916 
47930 
47938 
47947 
47949 
47983 
48001 
48032 
48083 
48151 
51711 
53492 
53506 
53553 
53579 
53685 
53708 
53735 
53759 
53793 
53865 
53867 
53966 
53971 
53975 
53982 
53988 
54154 
54583 
54606 
54608 
54644 
54660 
54662 
54666 
54677 
54679 
54695 
54714 
54729 
54749 
54769 
548 
54842 
54860 
54875 
54888 
54895 
54897 
54921 
54958 
54967 
54970 
54972 
54981 
54985 
54992 
55023 
55030 
55034 
55038 
55041 
55043 
55047 
55056 
55070 
551 
55115 
55135 
55155 
55175 
55182 
55186 
55195 
55216 
55238 
55247 
55254 
553 
55319 
55333 
55353 
55511 
56068 
56071 
56073 
56105 
56109 
56130 
56143 
56167 
56169 
56183 
56200 
56219 
56220 
56246 
56279 
56307 
56321 
56332 
56358 
56378 
56398 
56417 
56419 
56453 
56460 
56464 
56466 
56479 
56499 
56505 
56521 
56574 
56576 
56581 
56583 
56587 
56590 
56596 
56608 
56617 
56640 
56679 
56688 
56695 
56703 
56727 
56758 
56767 
56770 
56785 
56794 
56796 
56811 
56833 
56846 
56873 
56877 
56888 
56927 
56936 
56938 
56943 
56945 
56949 
56950 
56981 
57029 
57058 
57063 
57083 
57113 
57452 
575 
577 
582 
58282 
605 
609 
623 
62456 
62489 
62496 
62502 
62533 
62553 
62591 
62612 
62618 
62645 
62687 
627 
62780 
62799 
62823 
62869 
62953 
649 
650 
665 
6690 
683 
698 
726 
733 
786 
797 
810 
825 
832 
8429 
8458 
8483 
8489 
849 
8498 
8502 
8571 
8573 
8595 
8601 
8634 
8681 
8698 
8748 
878 
8782 
8797 
883 
8843 
8847 
8872 
8953 
8982 
902 
919 
924 
9499 
9503 
9510 
9552 
9561 
9563 
9570 
959 
9606 
9608 
962 
964 
9642 
9648 
9651 
9653 
9659 
9660 
9664 
9673 
9680 
9686 
9699 
9747 
975 
9767 
9778 
979 
9800 
9804 
9813 
9828 
9871 
9873 
9880 
9891 
9895 
9912 
9932 
9934 
9969 
9970 
9985 
9996 
9998 
