10001 
10003 
10005 
10009 
1001 
10012 
10014 
10016 
10018 
10023 
10025 
10027 
10029 
1003 
10030 
10032 
10036 
10038 
10041 
10043 
10045 
10047 
10049 
1005 
10050 
10052 
10056 
10058 
10061 
10067 
10069 
1007 
10070 
10072 
10074 
10076 
10078 
10081 
10083 
10085 
10087 
10089 
1009 
10090 
10092 
10094 
10098 
1010 
10102 
10104 
10106 
10108 
10111 
10113 
10119 
1012 
10122 
10124 
10126 
10128 
10131 
10135 
10139 
1014 
10140 
10142 
10144 
10146 
10148 
10151 
10153 
10155 
10159 
1016 
10160 
10162 
10164 
10166 
10168 
10171 
10177 
10179 
1018 
10180 
10182 
10184 
10186 
10191 
10193 
10195 
10197 
10199 
10203 
10205 
10207 
1021 
10212 
10214 
10216 
10218 
10223 
10229 
1023 
10236 
10241 
1025 
1029 
1030 
1034 
1038 
1041 
1043 
1047 
1049 
10520 
1054 
1058 
1061 
1063 
1065 
1067 
1069 
1070 
1072 
1074 
1076 
1078 
1081 
1085 
1087 
1089 
1090 
1092 
1094 
1096 
10971 
10973 
10975 
10977 
10979 
1098 
10980 
10982 
10984 
10986 
10988 
10991 
10993 
10995 
10997 
10999 
1100 
11000 
11004 
11008 
11013 
11015 
11017 
1102 
11020 
11022 
11024 
11026 
11028 
11033 
11035 
1104 
11040 
11042 
11044 
11046 
11048 
11051 
11053 
11055 
11057 
11059 
1106 
11060 
11062 
11064 
11066 
11068 
11071 
11075 
11079 
1108 
11080 
11082 
11084 
11086 
11088 
11091 
11093 
11097 
11099 
11101 
11105 
11107 
11109 
11110 
11112 
11114 
11118 
11121 
11123 
11125 
11127 
11129 
1113 
11132 
11134 
11136 
11138 
11141 
11143 
11147 
11149 
1115 
11150 
11152 
11154 
11156 
11158 
11161 
11163 
11165 
11167 
1117 
11170 
11172 
11174 
11176 
11178 
11183 
11185 
11187 
1119 
11190 
11192 
11194 
11196 
11198 
1120 
11200 
11202 
11204 
11206 
11208 
11211 
11213 
11217 
11219 
1122 
11220 
11224 
11226 
11228 
11231 
11233 
11235 
11237 
11239 
1124 
11242 
11248 
11255 
11257 
11259 
11260 
11264 
11271 
11273 
11277 
11279 
1128 
11280 
11282 
11284 
11286 
11288 
11291 
11293 
11295 
11297 
11299 
11301 
11303 
11305 
11309 
1131 
11310 
11312 
11314 
11321 
11323 
11325 
11327 
1133 
11330 
11332 
11334 
11336 
11338 
11341 
11343 
11345 
11347 
11349 
1135 
11356 
11358 
11367 
11369 
11370 
11374 
11376 
11381 
11383 
11389 
1139 
11390 
11392 
11394 
11396 
1140 
11400 
11402 
11406 
11408 
11411 
11415 
11419 
1142 
11422 
11428 
11431 
11437 
11439 
1144 
11442 
11444 
11451 
11453 
11457 
11459 
1146 
11460 
11462 
11464 
11466 
11471 
11473 
11475 
11479 
1148 
11486 
11488 
11491 
11493 
11499 
11501 
11505 
1151 
11514 
11518 
11521 
11525 
11529 
1153 
11530 
11532 
11534 
11536 
11538 
11541 
11543 
11545 
1155 
11554 
11556 
11558 
11563 
11569 
1157 
11572 
11574 
11578 
11581 
11583 
11587 
1159 
11594 
11596 
11598 
1160 
11600 
11604 
11611 
11615 
11617 
11619 
1162 
11628 
11637 
11639 
1164 
11640 
11644 
11646 
11651 
11655 
11657 
1166 
11660 
11664 
11671 
11673 
11675 
11679 
1168 
11680 
11682 
11684 
11686 
11691 
11693 
11695 
11703 
11709 
1171 
11721 
1173 
11732 
11749 
11754 
11756 
11758 
11767 
1177 
11770 
11781 
1179 
1180 
1182 
11824 
11873 
11886 
1193 
1195 
11956 
1199 
1201 
1205 
1207 
1209 
1212 
12126 
1216 
1223 
1225 
1230 
1249 
12612 
13196 
14300 
14591 
16612 
16870 
17288 
17451 
17600 
17602 
17604 
17606 
17611 
17613 
17615 
17617 
17619 
17620 
17622 
17626 
17631 
17633 
17635 
17637 
17639 
17640 
17642 
17648 
17651 
17653 
17657 
17659 
17660 
17662 
17664 
17666 
17668 
17671 
17673 
17677 
17679 
17680 
17682 
17684 
17686 
17691 
17693 
17695 
17705 
17709 
17710 
17712 
17714 
17716 
17718 
17721 
17723 
17725 
17727 
17730 
17732 
17736 
17741 
17745 
17749 
17750 
17756 
17758 
17761 
17763 
17767 
17769 
17770 
17772 
17774 
17776 
17778 
17781 
17790 
17792 
17794 
17796 
17798 
17800 
17804 
17806 
17811 
17813 
17817 
17819 
17820 
17824 
17828 
17831 
17833 
17839 
17840 
17844 
17846 
17848 
17851 
17925 
17927 
17929 
17930 
17932 
17934 
17936 
17938 
17941 
17945 
17947 
17949 
17950 
17954 
17956 
17958 
17963 
17965 
18001 
18003 
18005 
18007 
18009 
18010 
18012 
18014 
18018 
18023 
18025 
18027 
18029 
18030 
18032 
18034 
18036 
18038 
18041 
18045 
18049 
18052 
18054 
18058 
18061 
18063 
18065 
18067 
18069 
18070 
18072 
18074 
18076 
18078 
18081 
18083 
18120 
18122 
18142 
18144 
18173 
185 
18661 
18663 
18665 
18667 
18670 
18674 
18676 
18678 
18681 
18683 
18685 
18687 
18690 
18692 
18694 
18696 
18698 
18700 
18702 
18704 
18706 
18708 
18711 
18715 
18722 
18724 
18726 
18728 
18731 
18733 
18735 
18737 
18739 
18740 
18742 
18744 
18746 
18751 
18753 
18755 
18759 
18760 
18764 
18766 
18771 
18773 
18775 
18777 
18779 
18780 
18782 
18784 
18786 
18788 
18795 
18797 
18799 
18801 
18803 
18805 
18807 
18810 
18812 
18814 
18816 
18818 
18821 
18823 
18825 
18827 
18830 
18832 
18834 
18836 
18838 
18841 
18843 
18845 
18847 
18849 
18850 
18852 
18854 
18856 
18858 
18861 
18863 
18865 
18867 
18870 
18872 
18874 
18876 
18878 
18881 
18885 
18887 
18890 
18892 
18894 
18896 
18898 
18900 
18904 
18906 
18911 
18913 
18915 
18917 
18919 
18920 
18922 
18924 
18926 
18928 
18931 
18933 
18935 
18937 
18940 
18942 
18944 
18946 
18948 
18951 
18953 
18955 
18959 
18960 
18962 
18966 
18968 
18971 
18975 
18977 
18979 
18980 
18982 
18986 
18991 
18993 
18997 
18999 
19000 
19004 
19008 
19015 
19017 
19022 
19024 
19026 
19031 
19033 
19035 
19037 
19040 
19044 
19048 
19053 
19055 
19057 
19059 
19060 
19062 
19064 
19066 
19068 
19071 
19073 
19077 
19079 
19080 
19082 
19084 
19086 
19088 
19091 
19093 
19097 
19099 
19105 
19107 
19109 
19110 
19112 
19116 
19118 
19121 
19123 
19125 
19129 
19130 
19132 
19134 
19136 
19138 
19143 
19145 
19147 
19149 
19150 
19152 
19154 
19156 
19158 
19161 
19163 
19165 
19167 
19169 
19170 
19172 
19174 
19181 
19189 
19190 
19194 
19196 
19198 
19200 
19202 
19211 
19213 
19215 
19217 
19219 
19220 
19222 
19224 
19226 
19228 
19231 
19233 
19237 
19239 
19240 
19242 
19244 
19246 
19253 
19255 
19257 
19259 
19260 
19262 
19264 
19266 
19271 
19273 
19275 
19277 
19279 
19280 
19282 
19284 
19288 
19293 
19295 
19297 
19299 
19301 
19303 
19305 
19307 
19309 
19310 
19312 
19314 
19316 
19318 
19321 
19325 
19327 
19330 
19336 
19338 
19341 
19345 
19347 
19349 
19350 
19352 
19354 
19356 
19361 
19365 
19369 
19370 
19372 
19374 
19376 
19381 
19383 
19387 
19389 
19392 
19394 
19396 
19398 
19400 
19404 
19408 
19411 
19413 
19415 
19538 
1997 
1999 
2 
2000 
2002 
2006 
2008 
2011 
20114 
20116 
20118 
20121 
20123 
20125 
20127 
20129 
2013 
20130 
20132 
20134 
20136 
20138 
20141 
20143 
20147 
2015 
20154 
20158 
20161 
20163 
20167 
2017 
20170 
20172 
20174 
20176 
20178 
20181 
20183 
20185 
20187 
20189 
2019 
20194 
20196 
2020 
20200 
20204 
20206 
20211 
20213 
20215 
20217 
2022 
20220 
20222 
20224 
20226 
20228 
20231 
20233 
20235 
20237 
20239 
2024 
20240 
20242 
20244 
20246 
20248 
20251 
20253 
20255 
20257 
20259 
2026 
20262 
20266 
20268 
20271 
20273 
20275 
20277 
20279 
2028 
20282 
20284 
20286 
20288 
20291 
20293 
20295 
20299 
20301 
20305 
20307 
2031 
20310 
20312 
20314 
20316 
20318 
20321 
20323 
20325 
20329 
2033 
20330 
20332 
20334 
20336 
20338 
20341 
20343 
20345 
20347 
20349 
2035 
20352 
20356 
20358 
20365 
20367 
20369 
20370 
20372 
20374 
20376 
20381 
20383 
20385 
20387 
20389 
20390 
20392 
20396 
20398 
2040 
20400 
20402 
20411 
20413 
20415 
20417 
20419 
2042 
20422 
20424 
20426 
20433 
20435 
20437 
20439 
2044 
20442 
20444 
20446 
20448 
20451 
20453 
20455 
20457 
20459 
2046 
20460 
20462 
20464 
20466 
20471 
20473 
20477 
20479 
2048 
20480 
20482 
20484 
20486 
20488 
20493 
20495 
20497 
20499 
20503 
20507 
20509 
2051 
20510 
20512 
20518 
20523 
20529 
2053 
20530 
20532 
20534 
20536 
20538 
20541 
20543 
20545 
20547 
20549 
20552 
20556 
20558 
20561 
20569 
2057 
20570 
20572 
20576 
20578 
20581 
20583 
20585 
20587 
2059 
20590 
2060 
20600 
20602 
20606 
20608 
20611 
20613 
20615 
20617 
2062 
20620 
20624 
20626 
20628 
20631 
20639 
2064 
20651 
20653 
20657 
20659 
2066 
20660 
20662 
20666 
20668 
20671 
20673 
20675 
20677 
20679 
2068 
20686 
20688 
20697 
20699 
20709 
2071 
20714 
20716 
20718 
20723 
20729 
2073 
20730 
20732 
20736 
20741 
20743 
20750 
20754 
20756 
20758 
20761 
20763 
20765 
20769 
2077 
20770 
20785 
20787 
2079 
20790 
20792 
20796 
20798 
2080 
20800 
20802 
20808 
20813 
20817 
2082 
20831 
20833 
20839 
2084 
20844 
20853 
20855 
2086 
20860 
20868 
20873 
20877 
2088 
20884 
20901 
2093 
2095 
2097 
2099 
2101 
2103 
2105 
2107 
2114 
2116 
2118 
21207 
2123 
21243 
2125 
2129 
2130 
2132 
2134 
2136 
2138 
2141 
2143 
2145 
2149 
2150 
2152 
2154 
2156 
2158 
2161 
2163 
2165 
2167 
2169 
2170 
2172 
2174 
2176 
21779 
2178 
2181 
2183 
2185 
2187 
2190 
2192 
2194 
2196 
2198 
2200 
2202 
2204 
2206 
2208 
2213 
2215 
2217 
2219 
2220 
2228 
2231 
2235 
2237 
2239 
2244 
2246 
2248 
2251 
2253 
2255 
2257 
2259 
2260 
2262 
2266 
2271 
22723 
2273 
2275 
2277 
2279 
2282 
2284 
2288 
2291 
2293 
2299 
2303 
2305 
2307 
2309 
2310 
2312 
2316 
2318 
2321 
2323 
23236 
2325 
2327 
2330 
2332 
2336 
2338 
2341 
2343 
2347 
2349 
2352 
2354 
2356 
2358 
2361 
2363 
2367 
2369 
2370 
2372 
2374 
2376 
2378 
2381 
2383 
2385 
2387 
2389 
2392 
2394 
2396 
2398 
2404 
2408 
2411 
2413 
2417 
2419 
2424 
2428 
2433 
2439 
2440 
2442 
2444 
2446 
2451 
2457 
2459 
2460 
2464 
2466 
2468 
2471 
2473 
2479 
2480 
2484 
2486 
2488 
2491 
2493 
2501 
2503 
2507 
2510 
2512 
2514 
2516 
2521 
2523 
2525 
2534 
2536 
2538 
2543 
2545 
2554 
2556 
2561 
2563 
2565 
2567 
25694 
2570 
2576 
2583 
2585 
2587 
2589 
2590 
25908 
2592 
2594 
2600 
2604 
2606 
2611 
2613 
2617 
2619 
2620 
2622 
2624 
2635 
2637 
2639 
26415 
2642 
2644 
2646 
2648 
2651 
26558 
26563 
26565 
26567 
26569 
2657 
26570 
26574 
26576 
26578 
26581 
26583 
26585 
26587 
26589 
2659 
26590 
26592 
26594 
26596 
26598 
26600 
26602 
26604 
26606 
26608 
26611 
26613 
26617 
26619 
2662 
26620 
26622 
26626 
26628 
26631 
26635 
26637 
26639 
26642 
26644 
26646 
26648 
26651 
26653 
2666 
26660 
26662 
26664 
26666 
26668 
26671 
26675 
26677 
26680 
26682 
26684 
26691 
26699 
26703 
26705 
26709 
26710 
26712 
26716 
26718 
26721 
26723 
26727 
26730 
26732 
26736 
26738 
26743 
26745 
26749 
2675 
26758 
26765 
26767 
2677 
26770 
2679 
26792 
26804 
26811 
26813 
2682 
2684 
2686 
26860 
26862 
26864 
26866 
26868 
26871 
26873 
2688 
26880 
26882 
26884 
26888 
26895 
26899 
26901 
26941 
26943 
26945 
26947 
26949 
2695 
26950 
26952 
26956 
26958 
26961 
26963 
26965 
26967 
26969 
26970 
26974 
26976 
26978 
26981 
26983 
26985 
26987 
26989 
26990 
26992 
26994 
26996 
27001 
27003 
27005 
2701 
27010 
27012 
27014 
27016 
27018 
27021 
27025 
27027 
27029 
2703 
27030 
27032 
27034 
27074 
27076 
2709 
27104 
2712 
2714 
2716 
2725 
27256 
2734 
2738 
2747 
2749 
2754 
27616 
27618 
27621 
27623 
27625 
27629 
2763 
27630 
27632 
27634 
27645 
27647 
2765 
27650 
27652 
27654 
27656 
27658 
27663 
27665 
27667 
27672 
27676 
27681 
27683 
27687 
27689 
2769 
27690 
27692 
27694 
27698 
2770 
27700 
27702 
27704 
27706 
27711 
27713 
27715 
27717 
27719 
27720 
27722 
27724 
27726 
27728 
27733 
27735 
27737 
2774 
27740 
27742 
27751 
27753 
27757 
27759 
2776 
27760 
27762 
27764 
27773 
27777 
27779 
2778 
27780 
27782 
27784 
27791 
27793 
27795 
27797 
27799 
27803 
27805 
27807 
27809 
2781 
27810 
27812 
27814 
27816 
27821 
27823 
27825 
27827 
27829 
27830 
27834 
27838 
27841 
27843 
27845 
27849 
2785 
27850 
27852 
27856 
27861 
27863 
27865 
27867 
27869 
27872 
27874 
27876 
27878 
27881 
27883 
27885 
27887 
27889 
27890 
27892 
27894 
27898 
27902 
27906 
27908 
27911 
27913 
27915 
27917 
27919 
27920 
27922 
27924 
27926 
27928 
27931 
27933 
27935 
27937 
2794 
27940 
27942 
27944 
27946 
27948 
27951 
27953 
27957 
27960 
27962 
27968 
27973 
27977 
27979 
2798 
27980 
27982 
27984 
27986 
27988 
27991 
27995 
27997 
27999 
28000 
28006 
28008 
28011 
28013 
28019 
28020 
28022 
28024 
28026 
28028 
28031 
28033 
28035 
28037 
28040 
28042 
28051 
28053 
28055 
28057 
28060 
28062 
28064 
28068 
28071 
28073 
28075 
28077 
28079 
28080 
28084 
28088 
28093 
28095 
28097 
28101 
28103 
28105 
28110 
28112 
28116 
28121 
28123 
28125 
28127 
28132 
28134 
28136 
28138 
28141 
28143 
28145 
28147 
28149 
28150 
28154 
28156 
28158 
28161 
28165 
28167 
28169 
2817 
28170 
28174 
28176 
28178 
28181 
28183 
28185 
28187 
28189 
2819 
28190 
28194 
28198 
28200 
28202 
28204 
28208 
28217 
28219 
28220 
28224 
28228 
28231 
28233 
28237 
28239 
28240 
28242 
28244 
28246 
28251 
28253 
28255 
28257 
28260 
28262 
28264 
28266 
28268 
28271 
28273 
28275 
28277 
28279 
28280 
28282 
28284 
28286 
28288 
28291 
28295 
2844 
2855 
2901 
29027 
29030 
29032 
29034 
29038 
29041 
29043 
29045 
29047 
29049 
29050 
29052 
29054 
29065 
29067 
29070 
29072 
29074 
29076 
29078 
29081 
29083 
29085 
29089 
29090 
29092 
29096 
29098 
29100 
29102 
29104 
29108 
29111 
29113 
29117 
29119 
29120 
29124 
29128 
29133 
29139 
29140 
29142 
29144 
29146 
29151 
29153 
29155 
29159 
29160 
29162 
29164 
29166 
29168 
29171 
29175 
29179 
2918 
29180 
29182 
29184 
29186 
29188 
29191 
29193 
29197 
29199 
29203 
29205 
29207 
29212 
29214 
29218 
29221 
29223 
29225 
29227 
29229 
29230 
29232 
29234 
29236 
29238 
29241 
29243 
29247 
29249 
29250 
29252 
29254 
29256 
29258 
29261 
29263 
29265 
29269 
29274 
29276 
29283 
29285 
29287 
29289 
29290 
29292 
29294 
29296 
2930 
29300 
29304 
29306 
29311 
29313 
29315 
29317 
29319 
29320 
29322 
29324 
29326 
29331 
29333 
29335 
29339 
29340 
29342 
29346 
29348 
29351 
29353 
29355 
29357 
29359 
29360 
29366 
29371 
29373 
29375 
29377 
29379 
29380 
29382 
29386 
29391 
29393 
29395 
29399 
29401 
29403 
29409 
29412 
29414 
29418 
29427 
29430 
29434 
29436 
29438 
29445 
29449 
29450 
29456 
29463 
29465 
29467 
29470 
29472 
29474 
29476 
29478 
29487 
29490 
29498 
29502 
29504 
29506 
29511 
29517 
29519 
29520 
29524 
29535 
29540 
29542 
29544 
29551 
29553 
29555 
29557 
29559 
29560 
29568 
29571 
29577 
29582 
29584 
29586 
29588 
29593 
29595 
29599 
29601 
29603 
29605 
29607 
29614 
29616 
29621 
29623 
29625 
29632 
29641 
29643 
29647 
29649 
29654 
29661 
29663 
29665 
29669 
29670 
29672 
29690 
29692 
29694 
29698 
29702 
29708 
29711 
29713 
29715 
29717 
29720 
29728 
29733 
29739 
29744 
29748 
29751 
29755 
29760 
29762 
29764 
29766 
29768 
29773 
29775 
29791 
2981 
29812 
29829 
29834 
29836 
29861 
29865 
29874 
29878 
29902 
29919 
2998 
29982 
29991 
30096 
30700 
30935 
31309 
31336 
33138 
3320 
34498 
34627 
35431 
35433 
35437 
35439 
35440 
35442 
35446 
35448 
35453 
35455 
35459 
35460 
35468 
35471 
35473 
35475 
35477 
35479 
35480 
35482 
35484 
35488 
35491 
35493 
35495 
35499 
35501 
35503 
35505 
35507 
35509 
35510 
35512 
35514 
35516 
35518 
35521 
35523 
35525 
35527 
35529 
3553 
35530 
35532 
35534 
35536 
35538 
35541 
35543 
35545 
35549 
35550 
35552 
35554 
35558 
35561 
35563 
35565 
35569 
35570 
35572 
35576 
35578 
35581 
35585 
35587 
35589 
35590 
35594 
35596 
35598 
35600 
35604 
35606 
35608 
35611 
35613 
35617 
35619 
35620 
35622 
35624 
35626 
35628 
35631 
35633 
35635 
35637 
35642 
35648 
35651 
35653 
35657 
35659 
35660 
35662 
35664 
35666 
35671 
35679 
35680 
35682 
35686 
35691 
35693 
35695 
35701 
35703 
35705 
35723 
35765 
35769 
35792 
35794 
35796 
35798 
35800 
35804 
35806 
35808 
35817 
35819 
35820 
35826 
35828 
35844 
35866 
35871 
35873 
35875 
35877 
35879 
35880 
35882 
35886 
35888 
35891 
35893 
35895 
35897 
35899 
35901 
35903 
35905 
35907 
35909 
35910 
35912 
35914 
35916 
35921 
35923 
35925 
35927 
35929 
35930 
35932 
35934 
35938 
35943 
35945 
35947 
35949 
35978 
35985 
35989 
36016 
36027 
36517 
36522 
36524 
36526 
36528 
36531 
36533 
36535 
36539 
36540 
36542 
36544 
36546 
36551 
36553 
36555 
36557 
36559 
36560 
36562 
36564 
36566 
36568 
36571 
36573 
36579 
36582 
36584 
36588 
36591 
36593 
36595 
36599 
36601 
36605 
36607 
36610 
36612 
36614 
36616 
36618 
36623 
36625 
36627 
36629 
36630 
36632 
36634 
36636 
36638 
36641 
36643 
36645 
36649 
36650 
36652 
36656 
36661 
36663 
36665 
36667 
36670 
36672 
36674 
36676 
36678 
36685 
36689 
36690 
36692 
36694 
36696 
36698 
36700 
36704 
36706 
36708 
36711 
36713 
36715 
36717 
36719 
36720 
36722 
36726 
36728 
36731 
36735 
36737 
36739 
36740 
36744 
36748 
36751 
36753 
36755 
36757 
36759 
36760 
36762 
36764 
36766 
36771 
36773 
36775 
36777 
36779 
36780 
36782 
36784 
36786 
36788 
36791 
36793 
36795 
36797 
36799 
36801 
36805 
36807 
36809 
36810 
36814 
36816 
36818 
36821 
36823 
36825 
36827 
36829 
36830 
36834 
36836 
36838 
36841 
36847 
36849 
36850 
36852 
36854 
36856 
36858 
36861 
36863 
36865 
36867 
36869 
36870 
36872 
36874 
36876 
36878 
36881 
36885 
36889 
36890 
36894 
36896 
36898 
36902 
36904 
36906 
36908 
36911 
36913 
36915 
36917 
36919 
36920 
36922 
36924 
36928 
36933 
36937 
36939 
36940 
36942 
36944 
36946 
36948 
36953 
36955 
36957 
36959 
36960 
36962 
36964 
36968 
36971 
36973 
36975 
36977 
36979 
36982 
36984 
36986 
36988 
36991 
36993 
36995 
36997 
36999 
37000 
37004 
37008 
37011 
37013 
37015 
37017 
37019 
37020 
37024 
37028 
37031 
37033 
37035 
37037 
37039 
37040 
37042 
37044 
37046 
37048 
37051 
37053 
37055 
37057 
37059 
37060 
37062 
37064 
37066 
37068 
37071 
37075 
37079 
37080 
37082 
37084 
37086 
37088 
37091 
37093 
37097 
37099 
37105 
37107 
37110 
37112 
37114 
37116 
37118 
37121 
37123 
37125 
37127 
37129 
37134 
37136 
37138 
37141 
37143 
37147 
37149 
37152 
37154 
37158 
37161 
37163 
37165 
37167 
37169 
37170 
37174 
37176 
37181 
37183 
37189 
37194 
37196 
37198 
37200 
37206 
37208 
37211 
37213 
37215 
37217 
37219 
37220 
37222 
37224 
37226 
37228 
37231 
37233 
37235 
37240 
37242 
37244 
37246 
37248 
37257 
37259 
37260 
37273 
3786 
37994 
37996 
37998 
38001 
38003 
38005 
38009 
38010 
38012 
38014 
38016 
38018 
38021 
38023 
38025 
38027 
38029 
38030 
38032 
38034 
38036 
38038 
38041 
38043 
38045 
38047 
38049 
38050 
38052 
38054 
38058 
38063 
38065 
38067 
38069 
38070 
38072 
38074 
38076 
38078 
38081 
38085 
38087 
38089 
38090 
38094 
38096 
38098 
38102 
38104 
38106 
38108 
38111 
38113 
38117 
38119 
38122 
38124 
38128 
38131 
38133 
38135 
38137 
38139 
38140 
38142 
38144 
38146 
38148 
38153 
38155 
38157 
38159 
38160 
38164 
38166 
38168 
38173 
38175 
38177 
38179 
38180 
38182 
38186 
38188 
38193 
38195 
38199 
38201 
38203 
38205 
38207 
38209 
38210 
38212 
38214 
38216 
38221 
38223 
38225 
38227 
38230 
38232 
38234 
38236 
38238 
38245 
38249 
38252 
38254 
38256 
38258 
38261 
38263 
38265 
38267 
38269 
38270 
38272 
38274 
38276 
38278 
38281 
38285 
38287 
38289 
38292 
38296 
38298 
38300 
38304 
38306 
38308 
38311 
38313 
38317 
38319 
38320 
38322 
38324 
38326 
38328 
38331 
38333 
38335 
38337 
38339 
38340 
38342 
38344 
38353 
38357 
38359 
38366 
38368 
38371 
38379 
38382 
38384 
38386 
38388 
38391 
38397 
38407 
38409 
38410 
38414 
38418 
38421 
38423 
38425 
38427 
38429 
38430 
38432 
38434 
38436 
38438 
38441 
38447 
38449 
38450 
38456 
38463 
38465 
38467 
38469 
38470 
38472 
38485 
38490 
38492 
38494 
38496 
38498 
38511 
38513 
38520 
38533 
38535 
38539 
38540 
38542 
38544 
38548 
38553 
38555 
38557 
38559 
38560 
38564 
38566 
38571 
38575 
38577 
38580 
38591 
38593 
38595 
38599 
38601 
38605 
38609 
38610 
38612 
38616 
38618 
38621 
38623 
38625 
38634 
38636 
38638 
38641 
38645 
38649 
38654 
38656 
38658 
38665 
38667 
38669 
38670 
38672 
38674 
38685 
38689 
38694 
38700 
38702 
38704 
38706 
38715 
38722 
38726 
38728 
38731 
38733 
38746 
38753 
38766 
38780 
38797 
38801 
38805 
38809 
38843 
38883 
38944 
39196 
39288 
39738 
39800 
4 
40406 
4132 
4149 
4255 
43339 
43650 
43832 
44 
44035 
44516 
44518 
44521 
44523 
44525 
44527 
44530 
44532 
44534 
44536 
44538 
44541 
44543 
44545 
44547 
44549 
44552 
44554 
44556 
44558 
44561 
44563 
44565 
44567 
44569 
44570 
44572 
44574 
44576 
44578 
44581 
44583 
44585 
44587 
44590 
44592 
44594 
44596 
44598 
44600 
44602 
44604 
44606 
44608 
44611 
44613 
44615 
44617 
44619 
44622 
44624 
44626 
44631 
44633 
44637 
44639 
44642 
44644 
44646 
44648 
44657 
44660 
44664 
44671 
44673 
44675 
44677 
44684 
44686 
44688 
44691 
44693 
44695 
44699 
44701 
44703 
44709 
44710 
44712 
44714 
44716 
44718 
44721 
44725 
44729 
44738 
44741 
44743 
44747 
44758 
44761 
44765 
44774 
44783 
44813 
44837 
44842 
44851 
44855 
44859 
44860 
44864 
44866 
44868 
44871 
44873 
44886 
44888 
44921 
44923 
44927 
44929 
44932 
44934 
44941 
44943 
44947 
44949 
44950 
44952 
44954 
44956 
44958 
44961 
44963 
44965 
44967 
44969 
44970 
44972 
44974 
44976 
44978 
44981 
44983 
44985 
44987 
44989 
44990 
44992 
44994 
44996 
45001 
45003 
45005 
45041 
45058 
45562 
45564 
45566 
45571 
45577 
45579 
45580 
45582 
45586 
45588 
45591 
45595 
45597 
45599 
45603 
45605 
45607 
45609 
45612 
45614 
45616 
45618 
45621 
45623 
45625 
45627 
45629 
45632 
45634 
45638 
45641 
45643 
45647 
45654 
45656 
45665 
45669 
45672 
45674 
45676 
45678 
45681 
45683 
45687 
45689 
45692 
45694 
45696 
45698 
45700 
45704 
45708 
45711 
45713 
45715 
45717 
45719 
45722 
45726 
45728 
45731 
45735 
45739 
45740 
45742 
45744 
45746 
45748 
45755 
45757 
45759 
45762 
45764 
45768 
45771 
45773 
45777 
45779 
45780 
45784 
45786 
45788 
45791 
45793 
45795 
45797 
45799 
45801 
45803 
45805 
45807 
45809 
45810 
45812 
45814 
45816 
45818 
45821 
45823 
45825 
45829 
45830 
45832 
45834 
45836 
45838 
45841 
45843 
45845 
45847 
45849 
45850 
45852 
45854 
45856 
45858 
45861 
45867 
45869 
45870 
45872 
45874 
45876 
45878 
45881 
45883 
45885 
45887 
45889 
45890 
45892 
45894 
45896 
45900 
45902 
45904 
45906 
45911 
45915 
45917 
45920 
45922 
45924 
45926 
45931 
45935 
45939 
45940 
45942 
45944 
45946 
45948 
45951 
45955 
45957 
45959 
45960 
45962 
45966 
45968 
45971 
45973 
45977 
45979 
45982 
45984 
45988 
45991 
45993 
45999 
46000 
46002 
46004 
46006 
46008 
46011 
46015 
46020 
46022 
46028 
46031 
46035 
46037 
46040 
46042 
46044 
46046 
46048 
46051 
46053 
46055 
46057 
46059 
46060 
46062 
46064 
46066 
46068 
46071 
46073 
46077 
46079 
46080 
46082 
46088 
46093 
46095 
46097 
46099 
46101 
46103 
46105 
46109 
46110 
46112 
46118 
46121 
46123 
46127 
46129 
46130 
46132 
46134 
46136 
46138 
46141 
46143 
46147 
46149 
46156 
46161 
46163 
46167 
46170 
46174 
46176 
46178 
46181 
46183 
46185 
46187 
46189 
46192 
46194 
46196 
46198 
46200 
46202 
46204 
46206 
46208 
46213 
46215 
46217 
46219 
46220 
46222 
46224 
46226 
46228 
46231 
46233 
46235 
46237 
46239 
46244 
46246 
46251 
46253 
46257 
46259 
46260 
46262 
46266 
46268 
46271 
46273 
46275 
46280 
46282 
46286 
46291 
46293 
46295 
46297 
46299 
46303 
46305 
46307 
46310 
46312 
46325 
46336 
46367 
46671 
47061 
47063 
47065 
47067 
47070 
47072 
47074 
47081 
47083 
47085 
47087 
47089 
47090 
47092 
47094 
47100 
47102 
47104 
47106 
47108 
47111 
47115 
47119 
47124 
47126 
47128 
47131 
47133 
47135 
47137 
47139 
47140 
47142 
47148 
47151 
47153 
47155 
47157 
47159 
47160 
47162 
47166 
47168 
47171 
47173 
47175 
47179 
47180 
47182 
47184 
47186 
47188 
47191 
47193 
47195 
47197 
47199 
47201 
47203 
47205 
47207 
47209 
47210 
47212 
47214 
47216 
47221 
47225 
47229 
47230 
47232 
47234 
47236 
47238 
47241 
47243 
47245 
47247 
47249 
47250 
47252 
47254 
47258 
47261 
47263 
47265 
47267 
47269 
47270 
47278 
47281 
47285 
47287 
47289 
47292 
47294 
47298 
47300 
47302 
47304 
47306 
47308 
47311 
47313 
47315 
47317 
47320 
47322 
47326 
47331 
47333 
47335 
47337 
47339 
47340 
47344 
47346 
47348 
47351 
47353 
47355 
47357 
47359 
47360 
47362 
47371 
47373 
47375 
47377 
47379 
47382 
47384 
47386 
47388 
47391 
47393 
47395 
47397 
47399 
47401 
47403 
47410 
47412 
47414 
47416 
47418 
47421 
47425 
47429 
47432 
47434 
47438 
47443 
47445 
47447 
47449 
47450 
47452 
47456 
47458 
47461 
47463 
47467 
47469 
47470 
47476 
47478 
47481 
47483 
47487 
47489 
47490 
47494 
47498 
475 
47502 
47504 
47506 
47511 
47513 
47515 
47517 
47520 
47522 
47524 
47526 
47531 
47533 
47537 
47539 
47544 
47548 
47551 
47553 
47557 
47560 
47564 
47566 
47568 
47573 
47577 
47579 
47580 
47582 
47586 
47588 
47591 
47593 
47595 
47597 
47601 
47605 
47607 
47609 
47623 
47627 
47629 
47630 
47632 
47638 
47641 
47643 
47645 
47647 
47649 
47650 
47652 
47656 
47663 
47665 
47667 
47669 
47674 
47681 
47692 
47698 
47700 
47706 
47708 
47711 
47713 
47715 
47717 
47719 
47720 
47722 
47724 
47733 
47735 
47739 
47740 
47742 
47744 
47751 
47757 
47759 
47760 
47762 
47764 
47766 
47768 
47775 
47779 
47780 
47782 
47784 
47788 
47791 
47807 
47812 
47832 
47852 
47854 
47867 
47894 
47896 
47937 
47951 
47964 
48042 
48044 
48194 
48219 
48354 
48510 
48600 
48686 
48718 
525 
52708 
530 
532 
53343 
534 
53488 
53491 
53495 
53501 
53505 
53507 
53509 
53510 
53512 
53514 
53516 
53521 
53523 
53525 
53527 
53529 
53532 
53534 
53536 
53538 
53541 
53545 
53547 
53549 
53550 
53552 
53554 
53558 
53563 
53565 
53567 
53569 
53570 
53572 
53574 
53576 
53578 
53581 
53585 
53587 
53589 
53590 
53592 
53596 
53598 
536 
53600 
53602 
53604 
53608 
53613 
53617 
53619 
53620 
53622 
53624 
53628 
53631 
53633 
53637 
53640 
53642 
53644 
53646 
53648 
53651 
53653 
53655 
53657 
53659 
53660 
53662 
53664 
53666 
53668 
53671 
53675 
53677 
53682 
53684 
53686 
53688 
53691 
53693 
53697 
53699 
53705 
53707 
53709 
53712 
53714 
53716 
53718 
53725 
53727 
53730 
53732 
53736 
53738 
53741 
53743 
53747 
53749 
53750 
53752 
53756 
53761 
53767 
53774 
53776 
53796 
538 
53846 
53855 
53857 
53859 
53862 
53866 
53868 
53871 
53877 
53879 
53880 
53888 
53893 
53895 
53943 
53945 
53947 
53949 
53950 
53952 
53956 
53958 
53961 
53963 
53965 
53967 
53969 
53970 
53972 
53974 
53976 
53978 
53981 
53983 
53985 
53987 
53989 
53990 
53994 
54001 
54003 
54007 
54009 
54010 
54012 
54049 
54070 
54076 
541 
54115 
54144 
54287 
543 
545 
54528 
54566 
54586 
54588 
54595 
54597 
54599 
54601 
54603 
54605 
54607 
54609 
54610 
54612 
54614 
54616 
54618 
54621 
54623 
54625 
54629 
54630 
54632 
54634 
54638 
54641 
54643 
54645 
54650 
54652 
54654 
54656 
54658 
54661 
54663 
54665 
54669 
54670 
54672 
54674 
54676 
54678 
54681 
54685 
54687 
54689 
54690 
54692 
54694 
54696 
54698 
547 
54700 
54702 
54706 
54708 
54711 
54713 
54715 
54717 
54720 
54722 
54724 
54726 
54728 
54731 
54733 
54735 
54737 
54739 
54740 
54744 
54748 
54751 
54753 
54755 
54757 
54759 
54760 
54762 
54764 
54771 
54773 
54777 
54779 
54780 
54786 
54788 
54791 
54793 
54795 
54797 
54799 
54801 
54810 
54812 
54816 
54818 
54821 
54825 
54827 
54829 
54830 
54832 
54834 
54836 
54838 
54841 
54843 
54845 
54847 
54849 
54850 
54854 
54856 
54858 
54861 
54865 
54867 
54870 
54872 
54874 
54876 
54881 
54885 
54887 
54889 
54890 
54892 
54894 
54896 
54900 
54902 
54904 
54906 
54908 
54911 
54915 
54917 
54919 
54920 
54922 
54926 
54928 
54931 
54933 
54935 
54937 
54940 
54944 
54946 
54948 
54951 
54953 
54955 
54959 
54964 
54966 
54968 
54971 
54973 
54977 
54979 
54982 
54984 
54986 
54988 
54991 
54993 
54995 
54997 
54999 
550 
55002 
55004 
55006 
55008 
55011 
55013 
55015 
55019 
55020 
55024 
55026 
55031 
55033 
55035 
55039 
55040 
55042 
55046 
55055 
55059 
55060 
55062 
55066 
55068 
55073 
55077 
55079 
55080 
55082 
55084 
55086 
55088 
55091 
55093 
55095 
55097 
55099 
55101 
55103 
55109 
55110 
55112 
55114 
55116 
55118 
55123 
55125 
55127 
55129 
55130 
55132 
55134 
55136 
55138 
55141 
55143 
55145 
55147 
55149 
55152 
55161 
55163 
55167 
55170 
55172 
55174 
55178 
55183 
55187 
55189 
55190 
55192 
55194 
55196 
55200 
55202 
55206 
55208 
55211 
55213 
55215 
55217 
55219 
55220 
55222 
55224 
55226 
55228 
55233 
55235 
55237 
55239 
55240 
55242 
55244 
55246 
55248 
55257 
55259 
55260 
55264 
55266 
55268 
55271 
55273 
55275 
55277 
55279 
55280 
55282 
55284 
55286 
55288 
55291 
55293 
55295 
55297 
55299 
55303 
55305 
55307 
55309 
55310 
55312 
55314 
55316 
55318 
55321 
55323 
55332 
55336 
554 
55477 
556 
56065 
56067 
56069 
56070 
56072 
56074 
56076 
56078 
56081 
56083 
56085 
56087 
56090 
56094 
56098 
561 
56102 
56104 
56106 
56111 
56117 
56119 
56120 
56122 
56126 
56128 
56131 
56133 
56135 
56137 
56140 
56142 
56146 
56148 
56151 
56153 
56155 
56157 
56159 
56160 
56162 
56164 
56168 
56171 
56173 
56175 
56177 
56179 
56180 
56182 
56184 
56186 
56191 
56193 
56195 
56197 
56199 
56201 
56203 
56207 
56209 
56212 
56214 
56216 
56218 
56221 
56223 
56225 
56227 
56229 
56232 
56234 
56236 
56238 
56241 
56245 
56247 
56249 
56250 
56252 
56254 
56258 
56261 
56263 
56265 
56267 
56269 
56270 
56272 
56274 
56276 
56278 
56283 
56285 
56287 
56289 
56290 
56292 
56296 
56298 
563 
56300 
56302 
56304 
56306 
56308 
56311 
56315 
56319 
56322 
56324 
56326 
56328 
56331 
56333 
56335 
56337 
56339 
56340 
56342 
56346 
56348 
56351 
56353 
56355 
56359 
56362 
56364 
56366 
56371 
56375 
56377 
56379 
56382 
56386 
56388 
56391 
56393 
56397 
56399 
56401 
56405 
56409 
56410 
56412 
56416 
56418 
56421 
56423 
56425 
56427 
56429 
56430 
56432 
56434 
56436 
56438 
56441 
56443 
56445 
56447 
56450 
56452 
56454 
56456 
56458 
56461 
56463 
56465 
56467 
56472 
56474 
56476 
56478 
56481 
56485 
56487 
56489 
56490 
56492 
56498 
565 
56500 
56502 
56511 
56513 
56515 
56517 
56520 
56531 
56535 
56537 
56539 
56540 
56542 
56544 
56546 
56548 
56551 
56553 
56555 
56557 
56560 
56562 
56564 
56566 
56568 
56571 
56579 
56582 
56584 
56586 
56588 
56591 
56593 
56595 
56599 
56601 
56603 
56605 
56607 
56610 
56612 
56614 
56616 
56621 
56623 
56625 
56629 
56630 
56632 
56634 
56638 
56643 
56647 
56649 
56650 
56652 
56658 
56663 
56667 
56669 
56670 
56676 
56685 
56687 
56689 
56690 
56692 
56694 
56700 
56702 
56704 
56706 
56711 
56713 
56719 
56720 
56722 
56726 
56728 
56731 
56733 
56744 
56746 
56748 
56751 
56755 
56757 
56759 
56762 
56768 
56782 
56784 
56791 
56801 
56805 
56807 
56810 
56816 
56821 
56829 
56832 
56885 
56894 
56898 
56962 
57035 
57037 
572 
57345 
574 
576 
581 
587 
589 
590 
592 
596 
598 
600 
602 
604 
608 
61454 
615 
61771 
620 
62088 
622 
624 
62448 
62451 
62460 
62466 
62468 
62471 
62475 
62477 
62479 
62480 
62482 
62484 
62488 
62491 
62493 
62495 
62497 
62501 
62505 
62507 
62509 
62512 
62514 
62516 
62518 
62521 
62523 
62525 
62527 
62529 
62530 
62532 
62534 
62536 
62538 
62541 
62543 
62545 
62547 
62549 
62550 
62552 
62554 
62556 
62558 
62561 
62563 
62565 
62567 
62569 
62570 
62574 
62581 
62583 
62585 
62587 
62589 
62590 
62592 
62594 
62600 
62606 
62608 
62615 
62617 
62619 
62620 
62622 
62624 
62626 
62628 
62631 
62633 
62635 
62637 
62639 
62640 
62651 
62653 
62655 
62659 
62660 
62662 
62664 
62666 
62673 
62675 
62677 
62679 
62680 
62688 
62693 
62695 
62707 
62754 
62769 
62770 
62772 
62774 
62776 
62781 
62783 
62785 
62789 
62790 
62792 
62794 
62796 
62798 
628 
62800 
62813 
62815 
62862 
62864 
62866 
62868 
62871 
62873 
62875 
62877 
62879 
62882 
62886 
62888 
62891 
62893 
62895 
62897 
62901 
62903 
62905 
62907 
62909 
62910 
62912 
62914 
62916 
62921 
62923 
62925 
62929 
62930 
62934 
62936 
631 
633 
635 
637 
639 
640 
642 
651 
653 
657 
659 
660 
662 
664 
666 
668 
673 
675 
677 
679 
680 
682 
684 
686 
688 
691 
693 
695 
697 
699 
703 
705 
707 
709 
714 
718 
721 
723 
725 
729 
730 
732 
734 
736 
738 
743 
745 
747 
750 
752 
754 
7551 
756 
758 
761 
763 
767 
7676 
769 
770 
772 
774 
778 
781 
785 
787 
789 
792 
794 
796 
798 
800 
802 
804 
806 
808 
811 
813 
815 
817 
820 
822 
824 
826 
828 
831 
833 
835 
837 
840 
8408 
8411 
8413 
8417 
8419 
842 
8420 
8422 
8424 
8426 
8428 
8431 
8433 
8435 
8437 
8439 
8440 
8442 
8444 
8448 
8451 
8453 
8455 
8457 
8459 
8462 
8464 
8466 
8471 
8475 
8477 
8479 
848 
8482 
8484 
8486 
8488 
8491 
8493 
8497 
8499 
8501 
8503 
8505 
8507 
8509 
851 
8510 
8512 
8514 
8518 
8521 
8523 
8525 
8529 
853 
8530 
8532 
8534 
8536 
8541 
8543 
8545 
8547 
8549 
855 
8550 
8552 
8554 
8556 
8561 
8567 
8569 
857 
8570 
8572 
8574 
8581 
8583 
8585 
8589 
8590 
8592 
8594 
8596 
8598 
860 
8600 
8606 
8608 
8611 
8613 
8615 
8617 
8619 
862 
8622 
8624 
8628 
8631 
8633 
8635 
8637 
864 
8642 
8646 
8648 
8651 
8653 
8655 
8659 
8666 
8671 
868 
8701 
8710 
873 
8736 
8738 
8741 
8743 
8745 
8747 
8749 
875 
8750 
8752 
8754 
8756 
8758 
8763 
8765 
8769 
877 
8772 
8774 
8783 
8785 
879 
880 
882 
8833 
8835 
8837 
884 
8840 
8842 
8844 
8846 
8848 
8851 
8853 
8855 
8857 
8859 
886 
8860 
8862 
8864 
8866 
8873 
8875 
8877 
888 
8880 
8884 
8886 
8888 
8891 
8893 
8895 
8897 
8899 
8901 
8903 
8907 
8909 
891 
8910 
8914 
893 
8949 
8950 
897 
8981 
901 
903 
905 
9052 
912 
914 
916 
918 
9188 
921 
927 
929 
930 
932 
934 
936 
941 
943 
945 
947 
9487 
9489 
949 
9494 
9498 
950 
9502 
9504 
9506 
9508 
9513 
9515 
9519 
952 
9520 
9522 
9524 
9526 
9528 
9531 
9537 
9539 
954 
9540 
9542 
9544 
9546 
9548 
9551 
9555 
9557 
9559 
9562 
9564 
9566 
9568 
9571 
9573 
9575 
9577 
9579 
958 
9580 
9586 
9588 
9591 
9593 
9597 
9601 
9605 
9607 
9609 
961 
9610 
9612 
9614 
9616 
9618 
9623 
9625 
9629 
963 
9632 
9634 
9636 
9638 
9641 
9645 
9647 
9649 
965 
9652 
9654 
9658 
9661 
9663 
9665 
9667 
9669 
9670 
9672 
9674 
9681 
9683 
9687 
9689 
969 
9690 
9692 
9694 
9696 
970 
9700 
9702 
9704 
9706 
9708 
9711 
9713 
9715 
9717 
9719 
972 
9720 
9722 
9724 
9726 
9731 
9733 
9735 
9737 
9739 
974 
9740 
9742 
9744 
9748 
9751 
9755 
9757 
9759 
9760 
9762 
9764 
9775 
9777 
9779 
978 
9782 
9784 
9786 
9788 
9791 
9793 
9797 
9799 
9803 
9805 
9807 
9809 
981 
9810 
9812 
9814 
9816 
9818 
9821 
9823 
9825 
9827 
9829 
983 
9830 
9832 
9834 
9836 
9838 
9843 
9845 
9847 
9849 
9850 
9852 
9854 
9858 
9861 
9863 
9867 
9869 
987 
9870 
9872 
9874 
9876 
9881 
9883 
9885 
9887 
989 
9890 
9892 
9894 
9898 
990 
9900 
9902 
9906 
9908 
9913 
9915 
992 
9920 
9924 
9926 
9928 
9931 
9937 
9939 
994 
9940 
9946 
9948 
9953 
9955 
9957 
9959 
996 
9960 
9962 
9964 
9966 
9968 
9971 
9973 
9975 
9977 
9979 
998 
9980 
9982 
9984 
9986 
9988 
9991 
9993 
9995 
9997 
1 
10 
1000 
10000 
10002 
10004 
10006 
10008 
10011 
10013 
10015 
10017 
1002 
10020 
10022 
10024 
10026 
10028 
10033 
10037 
10039 
1004 
10040 
10042 
10044 
10046 
10048 
10053 
10055 
10059 
1006 
10060 
10062 
10064 
10066 
10068 
10073 
10075 
10079 
1008 
10080 
10082 
10084 
10086 
10091 
10097 
10101 
10103 
10105 
10107 
1011 
10110 
10112 
10114 
10118 
10123 
10125 
10127 
10129 
1013 
10130 
10134 
10136 
10138 
10141 
10143 
10145 
10147 
10149 
1015 
10150 
10154 
10156 
10163 
10165 
10167 
10169 
1017 
10170 
10172 
10174 
10176 
10178 
10181 
10183 
10185 
10187 
10189 
1019 
10190 
10192 
10194 
10198 
1020 
10200 
10202 
10204 
10206 
10208 
10211 
10213 
10217 
10219 
1022 
10220 
10224 
10231 
1024 
1026 
1028 
1031 
1033 
1035 
1037 
1039 
1040 
1042 
1044 
1048 
1053 
1055 
1057 
1060 
1062 
1066 
1068 
1071 
1073 
1075 
1077 
1079 
1082 
1084 
1086 
1088 
1091 
1093 
1095 
10956 
10965 
10967 
10969 
1097 
10970 
10972 
10976 
10978 
10981 
10983 
10990 
10992 
10994 
10998 
11007 
11009 
11010 
11012 
11016 
11018 
11021 
11025 
11027 
11029 
1103 
11030 
11032 
11034 
11038 
11041 
11043 
11045 
11049 
1105 
11050 
11052 
11054 
11056 
11058 
11061 
11063 
11065 
11067 
11069 
11072 
11074 
11076 
11078 
11081 
11083 
11085 
11087 
1109 
11090 
11092 
11096 
11098 
1110 
11100 
11102 
11104 
11106 
11113 
11115 
11117 
11119 
1112 
11120 
11124 
11126 
11128 
11131 
11133 
11135 
11137 
1114 
11142 
11146 
11148 
11151 
11153 
11155 
11157 
11159 
1116 
11160 
11162 
11164 
11168 
11171 
11173 
11175 
11177 
11179 
1118 
11186 
11188 
11191 
11193 
11195 
11197 
11199 
11201 
11203 
11207 
11209 
1121 
11210 
11212 
11214 
11218 
11221 
11223 
11225 
11229 
1123 
11230 
11232 
11234 
11236 
11238 
11241 
11243 
11247 
11249 
1125 
11250 
11252 
11254 
11256 
11258 
11261 
11263 
11267 
1127 
11270 
11272 
11276 
11278 
11281 
11285 
11287 
11289 
11290 
11294 
11298 
1130 
11300 
11302 
11304 
11306 
11308 
11313 
11315 
11317 
11319 
11320 
11324 
11328 
11331 
11333 
11335 
11337 
1134 
11340 
11342 
11344 
11346 
11348 
11351 
11353 
11355 
11357 
11359 
1136 
11362 
11364 
11366 
11368 
11371 
11379 
1138 
11380 
11382 
11384 
11391 
11393 
11397 
11399 
11403 
11405 
11407 
1141 
11412 
11416 
11418 
11423 
11427 
11429 
1143 
11430 
11438 
11441 
11445 
11447 
11449 
11450 
11452 
11454 
11456 
11458 
11461 
11463 
11465 
11467 
1147 
11470 
11472 
11476 
11478 
11481 
11487 
11489 
1149 
11490 
11492 
11494 
11496 
11498 
1150 
11500 
11502 
11504 
11506 
11513 
11515 
11517 
11519 
1152 
11520 
11522 
11528 
11531 
11535 
11537 
1154 
11540 
11544 
11546 
11555 
11557 
11573 
11575 
11577 
11579 
1158 
11580 
11582 
11588 
11595 
11597 
11601 
11607 
1161 
11610 
11612 
11614 
11616 
11618 
11623 
11627 
11629 
1163 
11630 
11636 
11638 
11641 
11649 
1165 
11650 
11654 
11661 
11663 
1167 
11672 
11678 
11681 
11689 
1169 
11690 
11692 
1170 
11700 
11702 
11708 
11711 
11717 
11728 
11735 
11737 
1174 
11740 
11742 
11744 
11746 
11759 
1176 
11766 
11768 
1178 
11782 
11784 
11793 
11805 
1181 
1183 
11830 
1185 
11856 
11867 
1187 
11872 
1189 
1190 
1192 
1194 
1196 
1198 
1200 
1202 
1204 
1206 
1208 
1211 
1213 
12161 
1217 
1224 
1231 
12462 
12505 
12569 
12578 
13298 
13920 
16646 
17601 
17603 
17605 
17607 
17609 
17610 
17612 
17616 
17618 
17621 
17625 
17627 
17630 
17636 
17638 
17643 
17647 
17650 
17652 
17654 
17658 
17661 
17663 
17665 
17667 
17669 
17670 
17672 
17674 
17676 
17678 
17681 
17683 
17685 
17687 
17690 
17692 
17694 
17696 
17700 
17702 
17704 
17706 
17708 
17711 
17713 
17715 
17717 
17719 
17722 
17724 
17726 
17728 
17737 
17739 
17742 
17746 
17748 
17751 
17755 
17759 
17760 
17762 
17764 
17766 
17768 
17771 
17773 
17775 
17777 
17780 
17782 
17786 
17788 
17791 
17793 
17795 
17801 
17803 
17805 
17807 
17809 
17814 
17816 
17821 
17823 
17825 
17827 
17832 
17838 
17841 
17852 
17856 
17885 
179 
17915 
17924 
17926 
17928 
17931 
17933 
17937 
17940 
17942 
17946 
17948 
17951 
17953 
17955 
17957 
17964 
17966 
17984 
17999 
18000 
18002 
18004 
18006 
18008 
18011 
18013 
18015 
18017 
18019 
18020 
18022 
18024 
18026 
18028 
18031 
18033 
18035 
18040 
18042 
18044 
18046 
18048 
18053 
18055 
18057 
18059 
18060 
18062 
18066 
18068 
18071 
18073 
18075 
18077 
18079 
18080 
18084 
18123 
18125 
18141 
18143 
18266 
18657 
18660 
18662 
18664 
18666 
18668 
18671 
18673 
18675 
18677 
18679 
18680 
18682 
18684 
18686 
18688 
18691 
18693 
18695 
18697 
18699 
18701 
18703 
18705 
18709 
18710 
18712 
18718 
18721 
18723 
18725 
18727 
18729 
18732 
18734 
18736 
18738 
18741 
18745 
18750 
18752 
18754 
18758 
18761 
18763 
18765 
18767 
18770 
18772 
18774 
18776 
18778 
18781 
18785 
18789 
18790 
18794 
18798 
18800 
18802 
18804 
18806 
18808 
18811 
18813 
18817 
18819 
18820 
18822 
18824 
18826 
18831 
18833 
18835 
18837 
18839 
18848 
18853 
18855 
18859 
18860 
18862 
18864 
18866 
18868 
18873 
18875 
18877 
18886 
18888 
18891 
18893 
18895 
18901 
18903 
18905 
18907 
18909 
18912 
18916 
18918 
18923 
18925 
18927 
18929 
18930 
18932 
18934 
18936 
18938 
18941 
18943 
18945 
18947 
18949 
18950 
18952 
18954 
18956 
18958 
18963 
18965 
18967 
18969 
18970 
18974 
18978 
18981 
18983 
18985 
18989 
18990 
18992 
18996 
18998 
19001 
19005 
19007 
19009 
19010 
19014 
19016 
19021 
19023 
19025 
19027 
19029 
19030 
19032 
19034 
19036 
19038 
19041 
19043 
19047 
19050 
19052 
19054 
19056 
19058 
19061 
19063 
19067 
19070 
19072 
19074 
19076 
19078 
19081 
19083 
19085 
19087 
19089 
19090 
19094 
19096 
19098 
19100 
19104 
19108 
19111 
19113 
19115 
19119 
19122 
19124 
19126 
19128 
19133 
19135 
19137 
19139 
19140 
19142 
19144 
19146 
19148 
19151 
19153 
19155 
19157 
19159 
19160 
19162 
19164 
19166 
19168 
19171 
19175 
19177 
19179 
19180 
19182 
19188 
19191 
19193 
19195 
19199 
19201 
19203 
19205 
19207 
19209 
19212 
19214 
19216 
19218 
19223 
19225 
19227 
19229 
19230 
19232 
19234 
19236 
19238 
19241 
19243 
19245 
19247 
19249 
19250 
19252 
19256 
19258 
19263 
19265 
19267 
19270 
19272 
19274 
19276 
19285 
19287 
19289 
19290 
19292 
19294 
19296 
19298 
19300 
19302 
19304 
19306 
19308 
19311 
19315 
19317 
19319 
19320 
19322 
19324 
19326 
19328 
19331 
19333 
19335 
19337 
19339 
19340 
19344 
19346 
19353 
19355 
19357 
19359 
19360 
19362 
19364 
19368 
19371 
19373 
19375 
19377 
19379 
19380 
19382 
19384 
19388 
19393 
19395 
19397 
19401 
19403 
19407 
19410 
19412 
19414 
19423 
19681 
19768 
1998 
2001 
2003 
2005 
2007 
2009 
2010 
20115 
20117 
20119 
20120 
20122 
20124 
20126 
20128 
20131 
20135 
20137 
20139 
2014 
20140 
20142 
20146 
20148 
20151 
20153 
20155 
2016 
20160 
20162 
20164 
20166 
20168 
20171 
20173 
20177 
20179 
2018 
20180 
20182 
20184 
20186 
20191 
20193 
20197 
20199 
20201 
20207 
20209 
2021 
20210 
20212 
20214 
20216 
20221 
20223 
20225 
20227 
20229 
2023 
20236 
20243 
20245 
20247 
20249 
2025 
20250 
20252 
20254 
20256 
20261 
20263 
20265 
20267 
2027 
20270 
20272 
20274 
20278 
20283 
20285 
20287 
2029 
20290 
20296 
2030 
20300 
20302 
20304 
20308 
20311 
20313 
20315 
20317 
20319 
2032 
20322 
20324 
20331 
20337 
20339 
2034 
20340 
20342 
20344 
20346 
20353 
20355 
20357 
20359 
2036 
20360 
20364 
20366 
20368 
20371 
20373 
20375 
20379 
2038 
20382 
20384 
20391 
20397 
20399 
20403 
20405 
20407 
20409 
2041 
20412 
20414 
20416 
20418 
20421 
20423 
20427 
20429 
2043 
20430 
20432 
20434 
20438 
20441 
20443 
20445 
20449 
2045 
20452 
20454 
20456 
20458 
20461 
20463 
20465 
20469 
2047 
20470 
20472 
20474 
20476 
20478 
20489 
2049 
20492 
20496 
20498 
2050 
20500 
20502 
20508 
20511 
20513 
20517 
20522 
20526 
20533 
20535 
20537 
20539 
2054 
20544 
20555 
20557 
20559 
2056 
20560 
20562 
20564 
20566 
20568 
20571 
20573 
20575 
20577 
20579 
2058 
20580 
20582 
20586 
20588 
20591 
20597 
20599 
20603 
20607 
20609 
2061 
20610 
20612 
20614 
20618 
20621 
20625 
20627 
2063 
20630 
20632 
20641 
20649 
2065 
20650 
20652 
20654 
20656 
20658 
20661 
20663 
20665 
20669 
2067 
20670 
20672 
20676 
20678 
20683 
20689 
2069 
20696 
20698 
2070 
20700 
20702 
20704 
20706 
20708 
20713 
20715 
20717 
20720 
20722 
20724 
20737 
2074 
20740 
20742 
20748 
20753 
2076 
20760 
20762 
20766 
20771 
20775 
20779 
2078 
20791 
20799 
20801 
20807 
2081 
20810 
20814 
20818 
20825 
20829 
2083 
20830 
20832 
20838 
20841 
20843 
20845 
20849 
2085 
20856 
20865 
20867 
20869 
2087 
20874 
20878 
20883 
20887 
2089 
2090 
20902 
20906 
2094 
2096 
2098 
2100 
2102 
2104 
21042 
2106 
21062 
2111 
2113 
21136 
21143 
2115 
2117 
2119 
2120 
21211 
2122 
2124 
2126 
21273 
2133 
21336 
2137 
2139 
2140 
2142 
2144 
2146 
2148 
2151 
2153 
2155 
2157 
2159 
2160 
2162 
2164 
2166 
2168 
2171 
2173 
2175 
21781 
2179 
2180 
2182 
2184 
2186 
2188 
2191 
2193 
2195 
2197 
2199 
2201 
2203 
2205 
2209 
2210 
2214 
2216 
2218 
2221 
2225 
2227 
2229 
2232 
2234 
2236 
2238 
2241 
2245 
2247 
2249 
2250 
2252 
2254 
2258 
2261 
2265 
2267 
2269 
2270 
2274 
2276 
2278 
2281 
2283 
2285 
2287 
2289 
2290 
2292 
2294 
2298 
2300 
2302 
2304 
2306 
2308 
2311 
2313 
2315 
2317 
2319 
2320 
2322 
2324 
2326 
2331 
2333 
2335 
2337 
2339 
2340 
2342 
2344 
2346 
2351 
2353 
2355 
2357 
2359 
2360 
2362 
2364 
2366 
2368 
2371 
2373 
2375 
2377 
2379 
2380 
2382 
2384 
2386 
2388 
2391 
2393 
2395 
2397 
2401 
2403 
2407 
2409 
2412 
2416 
2418 
2421 
2423 
2425 
2429 
2430 
2434 
2445 
2447 
2449 
2450 
2454 
2456 
2458 
2463 
2465 
2469 
247 
2470 
2472 
2474 
2481 
2483 
2487 
2490 
2496 
2498 
25 
2502 
2506 
2508 
2517 
2519 
2522 
2524 
2526 
2535 
2537 
2539 
2540 
2542 
2544 
2546 
2551 
2555 
2557 
2559 
2560 
2562 
2564 
25666 
25693 
2571 
25718 
2577 
2579 
2580 
25817 
2582 
2584 
2591 
2595 
25950 
2597 
2599 
2603 
2607 
2610 
2612 
2614 
2618 
2621 
2623 
2627 
2630 
2634 
2636 
2638 
2643 
26438 
2650 
2652 
26524 
26557 
26559 
2656 
26560 
26562 
26564 
26566 
26568 
26571 
26575 
26577 
26579 
2658 
26582 
26584 
26586 
26588 
26593 
26595 
26597 
26599 
26601 
26603 
26605 
26609 
2661 
26610 
26614 
26623 
26625 
26629 
26630 
26632 
26634 
26636 
26638 
26643 
26645 
26647 
26649 
26650 
26652 
26654 
26656 
26658 
26661 
26663 
26665 
26667 
26669 
26670 
26672 
26674 
26676 
26678 
26681 
26683 
26685 
26689 
26690 
26696 
26698 
26700 
26702 
26713 
26715 
26717 
26719 
2672 
26720 
26722 
26724 
26726 
26731 
26733 
26735 
26739 
26740 
26742 
26744 
26746 
26748 
26751 
26753 
26755 
26757 
26762 
26764 
26766 
26773 
26779 
2678 
26797 
2681 
26821 
26843 
2685 
26861 
26865 
26867 
2687 
26870 
26872 
26874 
26876 
26878 
26883 
26885 
26887 
26889 
26898 
26900 
2694 
26940 
26942 
26944 
26946 
26948 
26953 
26962 
26964 
26966 
26973 
26975 
26977 
26979 
2698 
26980 
26986 
26988 
26991 
26993 
26997 
26999 
2700 
27002 
27004 
27006 
27008 
27011 
27015 
27017 
27020 
27022 
27024 
27026 
27028 
27035 
2706 
27060 
27075 
2708 
27099 
2713 
27170 
2724 
27253 
2726 
2728 
27284 
2731 
2733 
2737 
2739 
27411 
2746 
2748 
2751 
2753 
2759 
2760 
27615 
27617 
27619 
27620 
27622 
27624 
27626 
27628 
27633 
27637 
27639 
2764 
27640 
27642 
27644 
27646 
27648 
27651 
27653 
27655 
27657 
27659 
27660 
27662 
27666 
27668 
27671 
27675 
27677 
27679 
27680 
27682 
27684 
27686 
27688 
27691 
27695 
27699 
27701 
27703 
27705 
27707 
27709 
2771 
27710 
27712 
27716 
27718 
27725 
27729 
2773 
27732 
27734 
27736 
27738 
27741 
27745 
2775 
27750 
27752 
27754 
27756 
27758 
27761 
27763 
27769 
2777 
27770 
27772 
27774 
27776 
27778 
27783 
27785 
27787 
27789 
27790 
27792 
27794 
2780 
27804 
27806 
27808 
27811 
27813 
27815 
27817 
27819 
2782 
27820 
27822 
27826 
27828 
27831 
27835 
2784 
27840 
27842 
27848 
27851 
27853 
27855 
27859 
2786 
27862 
27864 
27866 
27868 
27871 
27873 
27875 
27877 
27879 
27880 
27882 
27886 
27893 
27895 
27897 
27899 
27901 
27905 
27907 
27909 
27910 
27912 
27914 
27916 
27918 
27921 
27923 
27925 
27927 
27929 
27930 
27932 
27934 
27936 
27938 
27943 
27950 
27952 
27954 
27956 
27958 
27961 
27963 
27967 
27969 
27970 
27972 
27978 
27981 
27983 
27985 
27987 
27990 
27992 
27996 
27998 
28001 
28005 
28007 
28009 
28010 
28012 
28014 
28025 
28027 
28030 
28036 
28038 
28041 
28043 
28045 
28047 
28050 
28052 
28054 
28056 
28058 
28067 
28069 
28070 
28072 
28076 
28083 
28085 
28089 
28090 
28096 
28102 
28104 
28106 
28108 
28111 
28113 
28115 
28117 
28119 
28124 
28126 
28128 
28131 
28133 
28135 
28137 
28139 
28142 
28144 
28146 
28148 
28155 
28157 
28159 
28160 
28164 
28166 
28171 
28177 
28179 
28186 
28188 
28191 
28193 
28195 
28197 
28199 
28203 
28205 
28207 
28209 
28212 
28214 
28216 
28218 
28221 
28223 
28225 
28227 
28229 
28232 
28234 
28236 
28238 
28249 
28250 
28252 
28254 
28256 
28258 
28261 
28263 
28265 
28267 
28269 
28270 
28272 
28276 
28278 
28281 
28285 
28287 
28296 
28300 
2850 
2852 
2887 
29028 
29031 
29035 
29037 
29040 
29042 
29044 
29046 
29048 
29051 
29053 
29055 
29057 
29059 
29060 
29062 
29066 
29071 
29073 
29075 
29077 
29079 
29080 
29086 
29088 
29091 
29093 
29095 
29097 
29099 
29101 
29105 
29107 
29109 
29110 
29114 
29116 
29118 
29121 
29123 
29125 
29127 
29129 
29130 
29132 
29134 
29136 
29138 
29141 
29143 
29145 
29147 
29149 
29150 
29152 
29156 
29158 
29161 
29163 
29165 
29167 
29170 
29172 
29174 
29176 
29178 
29181 
29183 
29185 
29187 
29189 
29190 
29192 
29194 
29198 
29202 
29204 
29206 
29208 
29211 
29215 
29217 
29219 
29220 
29222 
29224 
29226 
29228 
29231 
29233 
29235 
29239 
29242 
29244 
29246 
29248 
29251 
29253 
29255 
29257 
29259 
29260 
29262 
29264 
29266 
29268 
29275 
29277 
29280 
29282 
29286 
29291 
29293 
29295 
29297 
29299 
29305 
29307 
29312 
29316 
29321 
29323 
29325 
29329 
29330 
29334 
29338 
29341 
29345 
29347 
29349 
29350 
29352 
29354 
29356 
29358 
29361 
29363 
29365 
29367 
29374 
29376 
29378 
29381 
29383 
29385 
29387 
29394 
29396 
29400 
29402 
29404 
29406 
29411 
29413 
29415 
29417 
29419 
2942 
29420 
29422 
29424 
29433 
29437 
29439 
29440 
29442 
29444 
29446 
29448 
29451 
29455 
29459 
29460 
29462 
29464 
29468 
29471 
29473 
29475 
29477 
29479 
29482 
29486 
29488 
29491 
29493 
29495 
29497 
29499 
29503 
29505 
29509 
29512 
29518 
29521 
29525 
29527 
29529 
29538 
29541 
29543 
29552 
29554 
29556 
29558 
29561 
29565 
29567 
29570 
29581 
29583 
29585 
29587 
29590 
29592 
29598 
29602 
29608 
29611 
29613 
29617 
29620 
29626 
29633 
29635 
29639 
29640 
29642 
29651 
29653 
29655 
29664 
29684 
29686 
29688 
29691 
29693 
29695 
29699 
29707 
29709 
29710 
29714 
29721 
29725 
29732 
29734 
29738 
29745 
29752 
29754 
29756 
29763 
29769 
29785 
29815 
29824 
29853 
29875 
29879 
29914 
29972 
29990 
3 
30044 
30060 
30277 
30318 
30529 
3057 
30794 
3099 
31827 
32907 
34178 
35429 
35430 
35432 
35434 
35436 
35438 
35441 
35443 
35445 
35447 
35449 
3545 
35450 
35452 
35454 
35458 
35461 
35463 
35467 
35469 
35472 
35474 
35476 
35478 
35483 
35487 
35489 
35490 
35492 
35496 
35498 
35500 
35506 
35508 
35511 
35513 
35515 
35517 
35519 
35520 
35522 
35526 
35528 
35535 
35537 
35539 
35540 
35542 
35548 
35551 
35553 
35555 
35557 
35559 
35560 
35562 
35564 
35566 
35568 
35571 
35573 
35575 
35577 
35579 
35582 
35586 
35588 
35593 
35595 
35597 
35599 
35601 
35603 
35607 
35609 
35610 
35614 
35616 
35618 
35621 
35623 
35625 
35627 
35629 
35630 
35632 
35638 
35641 
35647 
35649 
35650 
35652 
35654 
35656 
35658 
35665 
35670 
35672 
35674 
35678 
35681 
35685 
35689 
35690 
35692 
35694 
35696 
35700 
35702 
35786 
35791 
35793 
35795 
35797 
35799 
35803 
35805 
35807 
35809 
35810 
35816 
35818 
35821 
35823 
35825 
35827 
35834 
35865 
35867 
35869 
35870 
35874 
35878 
35881 
35885 
35887 
35889 
35890 
35892 
35894 
35896 
35900 
35902 
35904 
35908 
35911 
35915 
35917 
35919 
35920 
35922 
35924 
35926 
35928 
35931 
35933 
35935 
35937 
35939 
35940 
35942 
35944 
35946 
35948 
35977 
35984 
35986 
35988 
35991 
36015 
36017 
36048 
36167 
36521 
36523 
36525 
36527 
36530 
36534 
36538 
36541 
36545 
36547 
36549 
36550 
36554 
36556 
36558 
36561 
36563 
36565 
36569 
36570 
36572 
36574 
36576 
36578 
36581 
36583 
36585 
36587 
36589 
36590 
36592 
36594 
36596 
36598 
36600 
36602 
36604 
36606 
36608 
36611 
36613 
36617 
36619 
36620 
36622 
36624 
36626 
36628 
36631 
36633 
36637 
36639 
36640 
36642 
36646 
36651 
36653 
36655 
36657 
36660 
36664 
36668 
36671 
36675 
36677 
36679 
36680 
36682 
36684 
36686 
36688 
36691 
36693 
36695 
36701 
36703 
36707 
36709 
36710 
36712 
36714 
36716 
36718 
36721 
36723 
36725 
36727 
36730 
36732 
36734 
36736 
36738 
36741 
36743 
36745 
36747 
36749 
36750 
36752 
36754 
36758 
36763 
36765 
36767 
36769 
36770 
36774 
36778 
36781 
36787 
36789 
36790 
36792 
36794 
36796 
36798 
36800 
36802 
36806 
36808 
36811 
36815 
36817 
36819 
36822 
36824 
36826 
36828 
36831 
36833 
36840 
36844 
36848 
36853 
36855 
36857 
36859 
36860 
36864 
36866 
36868 
36873 
36875 
36877 
36879 
36880 
36882 
36884 
36888 
36891 
36893 
36895 
36897 
36901 
36905 
36907 
36910 
36912 
36914 
36916 
36918 
36921 
36923 
36925 
36927 
36932 
36934 
36936 
36938 
36941 
36943 
36945 
36947 
36949 
36950 
36952 
36954 
36961 
36963 
36965 
36967 
36969 
36972 
36976 
36978 
36983 
36985 
36987 
36989 
36990 
36992 
36994 
36996 
36998 
37001 
37003 
37005 
37007 
37009 
37010 
37012 
37014 
37016 
37018 
37023 
37025 
37027 
37029 
37030 
37032 
37034 
37038 
37041 
37043 
37049 
37050 
37052 
37054 
37058 
37063 
37065 
37070 
37072 
37074 
37078 
37081 
37085 
37087 
37090 
37092 
37094 
37096 
37098 
37100 
37102 
37104 
37113 
37115 
37117 
37119 
37120 
37122 
37126 
37128 
37133 
37137 
37139 
37140 
37142 
37144 
37146 
37148 
37151 
37153 
37155 
37157 
37164 
37166 
37168 
37173 
37175 
37177 
37179 
37184 
37186 
37188 
37191 
37197 
37199 
37201 
37203 
37205 
37209 
37214 
37216 
37218 
37221 
37223 
37225 
37227 
37229 
37243 
37245 
37247 
37249 
37250 
37252 
37263 
37924 
37993 
37995 
37997 
38002 
38004 
38006 
38008 
38011 
38013 
38015 
38017 
38019 
38022 
38024 
38026 
38028 
38033 
38035 
38037 
38040 
38042 
38044 
38046 
38048 
38051 
38053 
38055 
38057 
38059 
38060 
38064 
38066 
38068 
38071 
38075 
38077 
38079 
38080 
38082 
38084 
38086 
38091 
38093 
38095 
38097 
38099 
38101 
38103 
38107 
38109 
38110 
38112 
38114 
38116 
38118 
38121 
38125 
38127 
38130 
38132 
38134 
38145 
38147 
38149 
38150 
38152 
38154 
38156 
38158 
38161 
38163 
38165 
38167 
38169 
38170 
38172 
38174 
38176 
38178 
38181 
38183 
38185 
38189 
38190 
38192 
38194 
38198 
38200 
38202 
38206 
38208 
38211 
38215 
38219 
38222 
38224 
38226 
38231 
38235 
38237 
38239 
38240 
38242 
38244 
38246 
38248 
38251 
38253 
38257 
38259 
38260 
38262 
38266 
38268 
38271 
38275 
38280 
38282 
38284 
38286 
38288 
38291 
38293 
38295 
38299 
38301 
38303 
38305 
38307 
38309 
38310 
38312 
38316 
38318 
38321 
38323 
38325 
38327 
38329 
38330 
38332 
38334 
38336 
38338 
38341 
38343 
38345 
38347 
38356 
38358 
38361 
38363 
38365 
38367 
38369 
38370 
38372 
38374 
38376 
38378 
38381 
38383 
38385 
38389 
38390 
38394 
38396 
38398 
38400 
38402 
38404 
38406 
38413 
38415 
38417 
38419 
38422 
38424 
38426 
38431 
38433 
38439 
38444 
38446 
38451 
38455 
38457 
38459 
38460 
38462 
38464 
38466 
38468 
38471 
38473 
38477 
38482 
38486 
38491 
38495 
38497 
38499 
38501 
38503 
38505 
38507 
38509 
38510 
38514 
38525 
38530 
38532 
38534 
38541 
38543 
38547 
38549 
38550 
38556 
38558 
38561 
38563 
38567 
38569 
38570 
38572 
38578 
38581 
38583 
38585 
38587 
38589 
38590 
38594 
38596 
38602 
38606 
38611 
38613 
38619 
38628 
38637 
38640 
38648 
38651 
38660 
38664 
38666 
38668 
38671 
38675 
38677 
38679 
38682 
38697 
38707 
38712 
38714 
38718 
38729 
38734 
38736 
38738 
38741 
38754 
38756 
38761 
38767 
38769 
38776 
38787 
38802 
3882 
38824 
38851 
38882 
3893 
38981 
39058 
39250 
39418 
39528 
39579 
39588 
39669 
39672 
40195 
41958 
4364 
43930 
44513 
44515 
44517 
44519 
44520 
44522 
44524 
44526 
44528 
44531 
44535 
44537 
44539 
44544 
44548 
44553 
44557 
44559 
44560 
44562 
44564 
44566 
44568 
44573 
44575 
44577 
44579 
44580 
44582 
44584 
44586 
44591 
44593 
44597 
44599 
44603 
44605 
44607 
44609 
44610 
44612 
44614 
44616 
44618 
44623 
44625 
44627 
44629 
44630 
44632 
44634 
44636 
44638 
44641 
44645 
44647 
44649 
44650 
44656 
44658 
44663 
44665 
44669 
44670 
44672 
44674 
44678 
44683 
44687 
44689 
44692 
44704 
44706 
44708 
44711 
44713 
44715 
44717 
44722 
44726 
44728 
44731 
44739 
44740 
44742 
44744 
44746 
44748 
44755 
44810 
44829 
44832 
44834 
44843 
44847 
44849 
44850 
44852 
44854 
44858 
44867 
44869 
44870 
44872 
44874 
44885 
44922 
44924 
44928 
44931 
44933 
44937 
44939 
44940 
44944 
44946 
44951 
44955 
44957 
44962 
44964 
44966 
44968 
44971 
44975 
44977 
44979 
44980 
44982 
44984 
44986 
44988 
44991 
44993 
44995 
44997 
44999 
45000 
45002 
45039 
45055 
45057 
45059 
45118 
45158 
45268 
45301 
45424 
45534 
45552 
45561 
45563 
45565 
45567 
45569 
45574 
45576 
45583 
45589 
45590 
45592 
45594 
45598 
45604 
45606 
45608 
45611 
45615 
45619 
45622 
45624 
45628 
45631 
45633 
45635 
45637 
45640 
45642 
45644 
45646 
45651 
45655 
45657 
45659 
45660 
45662 
45664 
45666 
45668 
45671 
45675 
45679 
45682 
45686 
45688 
45691 
45693 
45695 
45697 
45699 
45703 
45705 
45707 
45709 
45710 
45716 
45718 
45723 
45725 
45727 
45729 
45730 
45732 
45734 
45736 
45738 
45741 
45745 
45747 
45750 
45752 
45758 
45761 
45763 
45765 
45769 
45770 
45774 
45776 
45778 
45781 
45783 
45787 
45790 
45792 
45794 
45796 
45800 
45802 
45806 
45808 
45811 
45817 
45819 
45820 
45822 
45826 
45828 
45831 
45833 
45835 
45839 
45840 
45842 
45844 
45846 
45848 
45851 
45853 
45855 
45859 
45864 
45866 
45868 
45871 
45873 
45875 
45877 
45879 
45880 
45884 
45886 
45888 
45891 
45893 
45895 
45897 
45899 
45903 
45905 
45909 
45910 
45912 
45914 
45921 
45923 
45925 
45927 
45929 
45930 
45932 
45934 
45936 
45938 
45941 
45943 
45945 
45947 
45949 
45950 
45952 
45956 
45958 
45961 
45963 
45965 
45969 
45972 
45974 
45976 
45978 
45981 
45985 
45987 
45989 
45990 
45992 
45994 
45996 
45998 
46001 
46003 
46005 
46007 
46009 
46010 
46012 
46014 
46016 
46018 
46021 
46023 
46025 
46027 
46029 
46030 
46032 
46034 
46036 
46041 
46043 
46045 
46049 
46050 
46052 
46054 
46056 
46058 
46061 
46063 
46065 
46067 
46069 
46070 
46072 
46074 
46076 
46078 
46081 
46083 
46087 
46089 
46092 
46094 
46098 
46100 
46102 
46104 
46106 
46108 
46111 
46115 
46117 
46119 
46120 
46122 
46126 
46133 
46135 
46137 
46139 
46144 
46146 
46151 
46153 
46155 
46159 
46160 
46162 
46166 
46168 
46171 
46173 
46175 
46177 
46179 
46180 
46182 
46184 
46186 
46191 
46193 
46195 
46197 
46199 
46201 
46205 
46207 
46209 
46212 
46216 
46218 
46221 
46223 
46225 
46227 
46230 
46232 
46234 
46236 
46238 
46243 
46247 
46249 
46250 
46252 
46254 
46256 
46258 
46263 
46269 
46270 
46272 
46276 
46278 
46283 
46285 
46287 
46289 
46290 
46292 
46294 
46296 
46298 
46300 
46302 
46306 
46311 
46313 
46315 
46317 
46351 
46456 
47059 
47060 
47062 
47064 
47066 
47068 
47071 
47075 
47077 
47079 
47080 
47082 
47086 
47091 
47093 
47095 
47097 
47099 
47101 
47105 
47107 
47109 
47110 
47112 
47116 
47118 
47121 
47123 
47125 
47129 
47130 
47132 
47134 
47136 
47138 
47141 
47145 
47147 
47149 
47150 
47152 
47158 
47163 
47165 
47167 
47169 
47170 
47172 
47174 
47178 
47183 
47185 
47187 
47190 
47192 
47194 
47196 
47200 
47202 
47204 
47206 
47211 
47213 
47215 
47217 
47220 
47222 
47224 
47226 
47231 
47233 
47235 
47237 
47239 
47240 
47244 
47246 
47251 
47253 
47255 
47257 
47259 
47260 
47262 
47264 
47266 
47268 
47271 
47273 
47277 
47280 
47282 
47286 
47288 
47291 
47295 
47297 
47299 
47301 
47305 
47307 
47309 
47310 
47312 
47316 
47318 
47321 
47325 
47327 
47330 
47332 
47334 
47336 
47338 
47341 
47345 
47347 
47349 
47352 
47354 
47358 
47361 
47363 
47365 
47367 
47369 
47370 
47374 
47378 
47381 
47383 
47385 
47387 
47389 
47394 
47396 
47400 
47402 
47404 
47406 
47411 
47413 
47417 
47419 
47420 
47422 
47424 
47426 
47428 
47431 
47433 
47435 
47439 
47440 
47442 
47444 
47446 
47448 
47451 
47455 
47457 
47459 
47462 
47466 
47468 
47471 
47475 
47477 
47479 
47480 
47482 
47486 
47495 
47497 
47514 
47516 
47518 
47521 
47523 
47525 
47527 
47529 
47532 
47534 
47536 
47547 
47550 
47552 
47558 
47563 
47565 
47567 
47569 
47572 
47574 
47576 
47578 
47581 
47583 
47585 
47592 
47594 
47602 
47606 
47608 
47611 
47619 
47620 
47624 
47626 
47628 
47637 
47639 
47640 
47642 
47646 
47651 
47653 
47655 
47659 
47660 
47662 
47664 
47666 
47668 
47673 
47675 
47679 
47680 
47682 
47684 
47688 
47693 
47707 
47709 
47710 
47712 
47718 
47727 
47729 
47732 
47734 
47738 
47741 
47743 
47749 
47750 
47756 
47763 
47774 
47778 
47783 
47787 
47792 
47796 
47804 
47806 
47808 
47813 
47822 
47837 
47839 
47842 
47895 
47929 
47981 
48007 
48148 
48409 
48539 
48711 
49145 
50697 
50947 
513 
52107 
52448 
52547 
52608 
528 
531 
533 
53489 
53490 
53496 
53498 
53500 
53502 
53504 
53508 
53511 
53515 
53517 
53519 
53520 
53522 
53526 
53528 
53531 
53533 
53535 
53537 
53539 
53540 
53542 
53546 
53551 
53557 
53559 
53560 
53562 
53564 
53566 
53568 
53571 
53573 
53575 
53577 
53580 
53582 
53584 
53586 
53591 
53593 
53595 
53597 
53599 
53601 
53603 
53605 
53607 
53609 
53610 
53612 
53614 
53616 
53618 
53623 
53625 
53627 
53630 
53632 
53636 
53638 
53641 
53643 
53645 
53647 
53649 
53650 
53652 
53654 
53656 
53658 
53661 
53663 
53667 
53670 
53672 
53676 
53681 
53687 
53689 
53690 
53692 
53694 
53696 
53698 
537 
53700 
53706 
53711 
53713 
53717 
53719 
53720 
53722 
53724 
53726 
53728 
53731 
53733 
53737 
53740 
53742 
53746 
53748 
53751 
53755 
53757 
53764 
53771 
53773 
53801 
53803 
53821 
53854 
53856 
53858 
53861 
53863 
53869 
53870 
53876 
53878 
53881 
53887 
53889 
53890 
53892 
53896 
539 
53944 
53946 
53948 
53951 
53953 
53955 
53957 
53959 
53960 
53962 
53964 
53968 
53973 
53977 
53979 
53980 
53984 
53986 
53991 
53993 
53995 
53997 
540 
54000 
54002 
54004 
54006 
54008 
54011 
54013 
54015 
54048 
54051 
54053 
54071 
54093 
54125 
54172 
54185 
544 
54590 
54594 
54596 
54598 
546 
54600 
54602 
54604 
54611 
54613 
54615 
54617 
54620 
54622 
54624 
54626 
54628 
54631 
54633 
54635 
54637 
54639 
54640 
54642 
54646 
54648 
54651 
54653 
54655 
54657 
54659 
54664 
54668 
54671 
54673 
54675 
54680 
54682 
54684 
54686 
54688 
54691 
54693 
54697 
54699 
54701 
54703 
54705 
54707 
54709 
54710 
54712 
54716 
54718 
54721 
54723 
54725 
54727 
54730 
54732 
54734 
54736 
54738 
54741 
54743 
54745 
54747 
54750 
54752 
54756 
54761 
54763 
54765 
54767 
54770 
54772 
54774 
54776 
54778 
54781 
54783 
54785 
54787 
54789 
54790 
54794 
54796 
54798 
54800 
54802 
54804 
54806 
54808 
54811 
54813 
54815 
54817 
54819 
54820 
54822 
54824 
54826 
54828 
54831 
54833 
54835 
54837 
54839 
54840 
54844 
54846 
54848 
54851 
54853 
54855 
54857 
54859 
54862 
54864 
54866 
54868 
54871 
54873 
54877 
54879 
54880 
54882 
54884 
54886 
54891 
54893 
54899 
54901 
54903 
54905 
54907 
54909 
54910 
54912 
54916 
54918 
54923 
54925 
54927 
54929 
54930 
54932 
54934 
54936 
54938 
54941 
54945 
54947 
54949 
54950 
54952 
54956 
54963 
54965 
54969 
54974 
54976 
54978 
54983 
54989 
54990 
54994 
54996 
54998 
55001 
55003 
55005 
55007 
55009 
55010 
55012 
55014 
55016 
55018 
55021 
55025 
55027 
55029 
55036 
55045 
55049 
55050 
55052 
55054 
55058 
55063 
55065 
55067 
55069 
55072 
55074 
55076 
55078 
55081 
55083 
55085 
55087 
55089 
55090 
55094 
55098 
55102 
55104 
55108 
55111 
55113 
55117 
55119 
55120 
55122 
55124 
55126 
55128 
55131 
55133 
55137 
55139 
55140 
55142 
55144 
55146 
55148 
55151 
55157 
55159 
55160 
55162 
55164 
55166 
55168 
55171 
55173 
55177 
55179 
55180 
55184 
55188 
55191 
55197 
55199 
55201 
55203 
55205 
55207 
55209 
55210 
55212 
55214 
55218 
55221 
55223 
55225 
55227 
55229 
55230 
55232 
55234 
55236 
55241 
55243 
55245 
55249 
55250 
55252 
55256 
55261 
55263 
55265 
55267 
55270 
55272 
55274 
55276 
55278 
55281 
55283 
55285 
55287 
55289 
55290 
55292 
55294 
55296 
55298 
55300 
55302 
55304 
55306 
55308 
55311 
55313 
55315 
55317 
55322 
55324 
55326 
55328 
55331 
55335 
55346 
55366 
55368 
55409 
555 
557 
559 
560 
56066 
56075 
56077 
56079 
56080 
56082 
56084 
56086 
56088 
56095 
56097 
56099 
56103 
56107 
56110 
56112 
56114 
56116 
56118 
56121 
56123 
56125 
56127 
56129 
56132 
56134 
56136 
56138 
56141 
56147 
56149 
56150 
56152 
56154 
56156 
56158 
56161 
56163 
56165 
56170 
56172 
56174 
56176 
56178 
56181 
56185 
56187 
56190 
56192 
56194 
56196 
56198 
562 
56202 
56204 
56206 
56211 
56217 
56222 
56224 
56226 
56228 
56231 
56233 
56235 
56237 
56239 
56240 
56242 
56248 
56251 
56253 
56255 
56257 
56259 
56260 
56262 
56264 
56266 
56268 
56271 
56273 
56275 
56277 
56280 
56282 
56284 
56286 
56288 
56291 
56293 
56295 
56297 
56299 
56301 
56303 
56305 
56310 
56312 
56314 
56316 
56323 
56325 
56327 
56329 
56330 
56334 
56336 
56338 
56341 
56343 
56345 
56347 
56349 
56350 
56352 
56354 
56356 
56365 
56367 
56370 
56372 
56374 
56376 
56381 
56383 
56385 
56387 
56389 
56390 
56392 
56394 
56396 
564 
56400 
56402 
56404 
56406 
56408 
56411 
56413 
56415 
56420 
56422 
56424 
56426 
56428 
56431 
56433 
56435 
56437 
56439 
56440 
56442 
56444 
56446 
56448 
56451 
56455 
56457 
56459 
56462 
56468 
56473 
56475 
56477 
56486 
56488 
56491 
56493 
56495 
56501 
56503 
56510 
56512 
56514 
56516 
56518 
56523 
56525 
56527 
56530 
56532 
56536 
56538 
56541 
56543 
56545 
56549 
56552 
56556 
56558 
56561 
56563 
56565 
56567 
56569 
56570 
56572 
56585 
56589 
56592 
56594 
566 
56600 
56602 
56604 
56606 
56613 
56615 
56620 
56626 
56628 
56631 
56633 
56635 
56637 
56639 
56642 
56644 
56646 
56648 
56651 
56653 
56655 
56657 
56659 
56662 
56664 
56666 
56668 
56671 
56675 
56677 
56684 
56693 
56699 
56701 
56709 
56710 
56712 
56714 
56716 
56721 
56723 
56725 
56729 
56734 
56745 
56747 
56750 
56752 
56754 
56756 
56765 
56769 
56774 
56776 
56792 
56798 
568 
56804 
56806 
56808 
56813 
56817 
56820 
56822 
56824 
56831 
56835 
56844 
56848 
56866 
56886 
56893 
56897 
56899 
56976 
57009 
571 
57188 
573 
57359 
57379 
579 
580 
58420 
586 
588 
591 
593 
595 
597 
599 
601 
603 
607 
610 
612 
614 
61404 
616 
618 
621 
62287 
62447 
62449 
62450 
62452 
62454 
62458 
62461 
62463 
62465 
62467 
62469 
62472 
62474 
62476 
62481 
62483 
62485 
62487 
62490 
62492 
62494 
62498 
625 
62500 
62504 
62506 
62508 
62511 
62513 
62515 
62517 
62519 
62520 
62522 
62524 
62526 
62528 
62531 
62535 
62537 
62539 
62540 
62542 
62544 
62546 
62548 
62551 
62555 
62557 
62559 
62560 
62562 
62564 
62568 
62571 
62573 
62575 
62577 
62579 
62580 
62582 
62584 
62586 
62588 
62593 
62597 
62599 
62603 
62605 
62607 
62616 
62621 
62623 
62625 
62627 
62629 
62630 
62632 
62634 
62636 
62641 
62643 
62647 
62649 
62650 
62652 
62654 
62656 
62658 
62661 
62663 
62667 
62669 
62670 
62672 
62674 
62676 
62678 
62681 
62683 
62689 
62690 
62696 
62751 
62760 
62771 
62773 
62775 
62777 
62779 
62782 
62784 
62786 
62788 
62791 
62793 
62795 
62797 
62812 
62814 
62863 
62865 
62870 
62872 
62874 
62876 
62878 
62883 
62885 
62889 
62890 
62892 
62894 
62896 
62898 
629 
62900 
62902 
62904 
62906 
62908 
62911 
62913 
62915 
62919 
62920 
62922 
62924 
62926 
62928 
62931 
62933 
62935 
62937 
62939 
630 
632 
634 
636 
638 
641 
645 
647 
652 
654 
656 
658 
661 
663 
667 
669 
670 
672 
674 
676 
678 
681 
685 
687 
689 
690 
692 
694 
696 
700 
702 
704 
706 
708 
711 
713 
715 
717 
719 
720 
722 
724 
728 
731 
735 
737 
739 
740 
742 
744 
746 
748 
751 
753 
755 
757 
759 
760 
764 
766 
768 
7705 
771 
773 
775 
777 
779 
780 
782 
784 
788 
791 
793 
795 
799 
801 
803 
805 
807 
809 
812 
8151 
816 
818 
8209 
821 
823 
827 
829 
830 
8337 
8355 
838 
8407 
8409 
841 
8410 
8412 
8416 
8418 
8421 
8423 
8425 
8427 
843 
8430 
8432 
8434 
8436 
8438 
8441 
8443 
8445 
8449 
845 
8450 
8452 
8454 
8456 
8461 
8463 
8465 
8467 
8469 
847 
8470 
8472 
8474 
8476 
8478 
8481 
8485 
8487 
8490 
8494 
8496 
850 
8500 
8504 
8506 
8508 
8511 
8513 
8515 
8517 
8519 
852 
8520 
8522 
8524 
8526 
8528 
8531 
8533 
8535 
8537 
8539 
854 
8540 
8544 
8546 
8548 
8551 
8553 
8555 
8557 
8559 
856 
8560 
8564 
8566 
8568 
8575 
8579 
858 
8580 
8582 
8584 
8586 
8591 
8593 
8597 
8599 
8603 
8605 
8607 
8609 
861 
8610 
8612 
8614 
8616 
8621 
8623 
8625 
8627 
8629 
863 
8630 
8636 
8638 
8641 
8645 
8647 
8649 
865 
8650 
8652 
8654 
8661 
8663 
8667 
867 
8670 
8672 
869 
8692 
870 
872 
8735 
8739 
874 
8740 
8744 
8746 
8751 
8753 
8755 
8757 
8759 
876 
8762 
8764 
8766 
8768 
8771 
8773 
8775 
8786 
8801 
881 
8834 
8838 
8841 
8845 
8849 
885 
8852 
8854 
8856 
8858 
8861 
8863 
8865 
8867 
8869 
887 
8874 
8876 
8878 
8881 
8883 
8885 
8887 
8889 
889 
8890 
8892 
8894 
8896 
890 
8900 
8902 
8904 
8906 
8908 
892 
8948 
896 
8962 
898 
8995 
900 
904 
906 
911 
913 
917 
920 
926 
928 
931 
933 
935 
937 
939 
940 
942 
944 
946 
948 
9488 
9491 
9493 
9495 
9497 
9501 
9505 
9507 
9509 
9512 
9514 
9516 
9518 
9521 
9523 
9525 
9527 
9529 
9530 
9532 
9536 
9538 
9541 
9543 
9545 
9547 
9549 
955 
9550 
9554 
9556 
9558 
9565 
9567 
9569 
957 
9572 
9574 
9576 
9578 
9581 
9583 
9585 
9587 
9589 
9590 
9592 
9596 
9598 
960 
9600 
9602 
9611 
9613 
9615 
9617 
9619 
9620 
9622 
9624 
9626 
9628 
9631 
9633 
9635 
9637 
9639 
9644 
9646 
9655 
9657 
966 
9662 
9666 
9668 
9671 
9675 
9677 
9679 
968 
9682 
9684 
9688 
9691 
9693 
9695 
9697 
9701 
9703 
9705 
9709 
971 
9710 
9712 
9714 
9716 
9718 
9721 
9723 
9725 
9727 
9729 
973 
9730 
9732 
9734 
9736 
9738 
9741 
9743 
9745 
9749 
9750 
9752 
9754 
9758 
9761 
9763 
9765 
9769 
977 
9770 
9772 
9774 
9776 
9781 
9783 
9785 
9789 
9790 
9792 
9796 
9798 
9802 
9806 
9808 
9811 
9815 
9817 
9819 
982 
9820 
9822 
9824 
9826 
9831 
9833 
9835 
9837 
9839 
984 
9840 
9842 
9844 
9846 
9848 
9851 
9853 
9855 
9857 
9859 
9860 
9862 
9864 
9866 
9868 
9875 
9877 
988 
9882 
9884 
9886 
9888 
9897 
9901 
9905 
9907 
9909 
991 
9910 
9916 
9918 
9921 
9923 
9925 
9927 
9929 
993 
9930 
9936 
9938 
9941 
9943 
9945 
9947 
9949 
995 
9950 
9952 
9954 
9956 
9958 
9961 
9963 
9965 
997 
9972 
9974 
9976 
9978 
9981 
9983 
999 
9990 
9992 
9994 
