41
41
35
48
40
36
41
45
58
46
42
34
39
31
35
45
36
29
49
51
55
32
36
49
54
27
57
33
55
39
48
48
56
38
51
36
46
47
56
40
48
49
54
40
44
52
46
54
53
57
57
56
54
37
46
34
37
44
34
58
42
39
58
32
37
32
36
32
45
54
40
43
62
37
49
33
35
69
53
36
32
44
63
57
62
35
31
40
40
37
53
45
45
45
44
48
40
48
36
56
49
54
38
51
46
33
63
39
39
28
51
46
27
32
45
41
31
47
42
56
54
42
65
46
37
40
35
52
47
28
29
46
53
42
40
40
44
29
39
34
30
46
54
47
38
40
57
38
33
56
50
28
36
35
54
38
41
42
54
40
55
47
31
37
36
56
42
36
38
68
55
42
29
29
31
37
56
50
33
42
38
42
30
35
40
47
47
45
46
35
47
45
40
60
32
43
39
36
44
42
40
40
39
55
38
28
32
50
37
50
33
54
45
47
79
47
48
47
42
38
29
50
44
36
47
40
31
47
53
36
43
51
37
35
28
39
36
49
52
39
48
58
33
44
35
53
44
50
42
57
41
30
35
47
46
40
33
47
38
38
34
39
42
41
32
40
38
38
46
38
38
44
42
30
35
35
52
37
35
35
34
42
57
54
35
47
35
52
47
38
51
42
38
45
69
46
40
49
47
39
41
52
46
46
54
48
49
48
29
44
72
55
54
62
43
49
33
44
42
37
47
40
40
38
43
42
56
30
36
46
46
48
53
46
34
46
36
27
42
39
46
47
33
35
42
38
40
35
33
46
27
40
35
49
30
44
44
55
33
33
39
37
45
47
43
39
52
36
68
53
41
44
50
54
37
36
60
31
42
65
40
48
48
33
68
49
30
45
70
35
48
28
48
42
47
60
39
55
29
28
41
41
33
38
29
46
49
32
36
39
78
35
49
48
53
40
38
46
37
54
37
47
37
68
30
67
35
35
36
50
58
39
65
36
40
46
33
42
36
33
38
37
64
35
42
38
45
47
50
58
29
34
37
27
53
59
33
39
41
49
41
49
48
29
51
56
28
50
73
26
48
51
37
35
48
48
32
40
31
52
37
28
59
27
71
68
38
47
41
53
45
46
68
55
38
31
38
55
52
36
36
64
27
58
43
48
43
50
35
32
32
36
37
39
53
44
47
39
39
41
28
42
44
33
51
34
57
39
41
41
51
31
47
52
27
52
39
37
36
50
38
45
37
59
48
61
57
54
58
39
57
42
47
37
42
36
63
29
53
48
32
46
48
39
37
36
41
35
46
57
40
59
32
36
34
44
51
44
47
34
42
63
46
47
40
32
49
40
44
13
61
40
45
35
49
44
54
42
53
42
55
28
38
38
45
35
28
40
46
58
34
37
23
31
41
45
35
29
36
50
33
35
43
30
59
34
38
35
23
39
31
39
46
47
44
44
38
35
55
55
48
46
43
28
33
49
56
56
34
32
44
42
28
46
54
48
32
28
47
27
40
56
22
48
50
52
45
49
34
43
40
40
36
40
64
37
28
39
50
28
47
33
42
40
77
40
56
48
46
47
54
50
38
38
53
38
52
36
37
36
41
34
33
29
43
47
47
33
37
35
48
29
35
43
36
35
38
31
56
35
47
42
40
56
37
55
41
36
41
26
53
31
43
36
47
52
40
33
40
35
46
31
48
39
47
57
46
39
50
42
34
48
32
38
44
49
59
42
43
32
50
34
47
23
34
51
60
67
54
39
45
44
52
50
48
38
59
32
29
39
26
72
48
35
41
56
34
44
34
62
63
26
37
40
31
43
41
47
32
36
46
40
45
60
48
28
43
31
50
54
40
43
38
33
54
33
49
33
55
35
48
55
31
27
29
61
30
53
44
45
48
36
28
62
58
54
34
51
41
48
42
74
27
70
39
34
30
46
34
37
42
34
45
44
24
49
38
58
54
34
44
46
45
34
54
57
30
34
50
48
37
46
47
29
35
48
32
42
59
42
51
46
74
30
29
38
42
30
32
47
48
38
48
38
54
31
42
41
39
36
47
57
43
47
42
29
24
29
37
51
40
42
65
38
48
30
40
40
61
28
29
32
36
37
40
44
27
34
51
52
39
39
29
34
39
25
28
26
48
61
25
34
32
28
44
42
47
42
50
51
27
65
30
46
72
41
45
64
30
45
34
29
34
48
48
48
53
43
37
49
48
22
55
51
36
32
36
61
34
54
29
30
31
31
43
31
41
54
34
38
30
36
37
39
42
41
32
45
42
36
40
47
43
39
50
44
48
48
42
41
26
27
41
26
36
29
29
62
27
29
30
58
44
62
38
56
42
34
47
46
30
38
25
39
37
49
45
58
31
56
43
36
32
35
63
48
41
35
46
37
44
45
39
42
41
38
58
49
49
34
61
46
33
41
53
44
31
28
41
40
62
39
55
56
37
58
41
30
45
64
34
58
32
39
36
38
48
34
52
39
34
41
53
40
63
39
48
37
46
57
29
46
37
61
32
33
43
34
37
37
47
35
46
48
38
33
43
48
35
49
33
50
37
59
32
45
39
57
57
32
47
41
40
71
46
37
41
47
49
55
54
34
39
49
40
59
50
35
38
32
55
52
38
27
51
40
42
37
30
28
46
37
33
44
34
46
37
34
40
39
61
40
36
45
52
41
47
47
46
29
42
45
52
54
53
43
46
61
43
52
34
37
35
38
46
50
62
56
57
29
43
33
41
69
59
60
52
44
48
28
43
58
39
46
46
55
32
53
42
32
55
45
39
51
70
57
62
28
38
35
42
41
68
48
39
66
34
36
34
47
34
51
48
69
57
32
36
48
48
48
50
79
42
45
56
47
29
33
47
41
35
58
50
38
32
43
38
25
47
52
53
37
46
54
40
34
46
47
36
42
46
55
46
52
41
29
55
48
38
38
59
35
37
43
47
39
44
37
54
40
49
36
33
35
31
49
38
32
44
42
38
47
31
37
45
46
57
41
41
47
37
53
43
39
40
38
43
41
31
66
40
40
37
34
31
47
46
38
69
50
45
51
42
46
29
42
46
47
34
27
71
51
31
43
48
44
49
65
29
51
46
43
31
42
31
56
38
40
38
30
42
54
27
35
44
75
44
49
62
43
50
57
37
25
54
37
41
46
48
46
42
45
42
46
44
48
59
40
34
52
51
42
41
42
53
48
69
36
37
40
43
38
36
48
52
50
72
49
52
47
53
42
37
59
37
41
28
42
16
70
42
48
38
31
37
42
40
33
48
53
39
43
54
56
32
47
50
39
67
55
34
35
32
47
33
46
36
39
32
52
40
40
44
43
37
54
28
46
37
44
33
52
46
41
38
38
41
42
61
43
32
38
59
28
38
27
47
40
45
48
35
68
42
40
37
37
38
44
38
38
35
59
34
61
31
50
59
57
39
32
34
56
28
61
28
43
40
52
41
39
41
47
47
33
30
40
47
53
41
38
30
48
36
60
49
47
38
38
64
31
51
39
44
37
36
51
30
46
54
37
32
56
53
40
55
71
45
47
35
30
28
49
36
43
45
41
46
35
38
77
45
43
29
54
41
57
63
45
48
47
39
53
42
40
48
53
58
30
33
41
36
53
42
84
57
31
41
32
42
31
33
54
51
48
35
46
62
55
46
47
45
36
39
48
47
33
43
31
32
51
70
39
31
30
36
49
60
34
36
52
35
48
48
38
32
57
35
25
28
45
31
39
47
42
32
49
35
47
36
39
30
31
46
33
30
34
63
48
36
40
34
33
35
57
48
29
30
44
57
62
49
50
47
36
34
29
62
67
29
24
53
36
36
36
54
56
59
46
38
35
35
48
47
46
56
48
45
38
48
41
43
49
34
48
23
42
38
36
28
44
41
31
44
39
48
63
36
38
33
31
27
33
36
44
45
35
47
52
39
54
45
40
46
47
46
58
42
47
44
40
41
40
45
44
38
54
39
29
60
57
58
31
33
42
47
35
45
30
29
52
39
41
37
31
51
31
48
41
32
37
31
50
43
23
28
39
44
46
52
33
42
47
45
58
39
30
46
30
42
41
35
38
45
24
41
53
53
39
41
48
47
48
53
30
31
44
35
78
45
77
52
45
39
47
39
34
40
45
34
49
40
37
40
56
61
41
50
29
56
56
57
28
28
51
34
59
63
54
48
24
39
42
48
53
46
48
62
70
24
32
30
49
53
29
42
44
29
34
43
40
30
30
50
39
27
40
50
45
33
34
54
50
44
36
38
36
44
43
54
68
65
39
47
38
34
50
45
39
56
30
47
41
64
39
43
30
41
34
47
33
47
34
53
40
36
39
34
35
52
36
44
40
44
32
50
33
31
45
63
39
46
40
45
30
40
33
35
38
28
36
33
62
33
31
54
48
31
36
42
54
52
45
39
42
34
45
67
26
33
54
36
45
35
35
36
42
45
30
44
38
46
38
28
41
39
31
45
30
42
38
58
35
31
48
17
36
35
33
40
54
28
25
36
36
33
33
39
33
43
37
25
33
54
39
33
29
54
24
37
37
39
48
46
41
27
31
27
26
47
47
34
28
37
43
27
47
29
55
43
41
36
54
56
48
35
49
33
41
52
42
40
46
44
36
41
41
35
30
50
46
56
32
46
34
33
41
53
36
42
70
54
42
32
35
32
36
35
30
34
30
30
27
34
35
32
27
34
35
48
35
46
29
42
61
58
60
39
42
48
56
45
49
45
54
34
64
35
33
37
39
52
48
31
43
40
47
65
55
27
46
57
47
42
58
46
34
45
50
36
52
58
27
38
70
40
35
36
50
35
38
37
47
37
45
36
49
40
48
55
47
41
28
30
30
46
33
51
39
44
33
36
43
52
41
30
53
43
48
33
57
42
46
37
54
49
53
31
36
45
44
45
50
37
44
45
44
68
32
57
57
42
65
48
42
61
32
29
42
38
41
35
48
35
35
37
44
