10256 
10258 
10267 
10294 
103 
10313 
10319 
10357 
10368 
10373 
10388 
10401 
10416 
10418 
10432 
10434 
10443 
10450 
10452 
10461 
10465 
10470 
10474 
10492 
10494 
10496 
10500 
10502 
10508 
10511 
10513 
10519 
10524 
10560 
10575 
10580 
10612 
10629 
10634 
10636 
10638 
10643 
10645 
10656 
10658 
10665 
10669 
10670 
10685 
10687 
10690 
10692 
10698 
10715 
10717 
10719 
10720 
10728 
10731 
10742 
10760 
10791 
10810 
10832 
10843 
10850 
10869 
10883 
10887 
109 
10908 
10953 
10962 
11510 
11592 
11659 
11701 
11705 
11828 
11833 
11882 
11923 
11925 
11947 
11981 
11990 
12050 
12054 
12106 
12115 
12119 
12133 
12164 
12186 
12201 
12203 
12205 
12214 
12230 
12263 
12265 
12290 
12304 
12315 
12317 
12324 
12331 
12348 
12364 
12371 
12382 
12384 
12386 
12405 
12407 
12429 
12436 
12441 
12443 
1245 
12476 
12481 
12483 
12489 
12490 
12492 
12494 
12537 
12542 
12544 
12546 
12553 
12560 
12562 
12580 
12588 
12630 
12636 
12638 
12652 
12654 
12665 
12669 
12676 
12681 
12687 
1269 
12690 
127 
1270 
12711 
12722 
12733 
12739 
12742 
12744 
12766 
12777 
12807 
12812 
12834 
12845 
12856 
12865 
12867 
1287 
12870 
12876 
12878 
12883 
12896 
129 
12913 
12942 
12946 
12955 
12959 
12971 
12980 
12986 
12993 
12999 
13020 
13031 
13037 
13042 
1306 
13062 
13064 
13068 
13073 
13082 
13086 
13093 
13101 
13103 
13109 
13112 
13114 
13121 
13123 
13129 
1313 
13138 
13147 
13149 
13152 
13156 
13170 
13174 
13176 
13178 
1319 
132 
13208 
13211 
13215 
13235 
1324 
13246 
13253 
13260 
13264 
13282 
13297 
13301 
13303 
1331 
13321 
13325 
13341 
13361 
13398 
134 
13408 
13415 
1342 
13422 
13426 
13428 
13453 
13455 
13471 
13473 
13477 
13493 
13501 
13529 
13530 
13538 
13547 
1355 
13558 
13569 
13574 
13604 
13617 
1362 
13622 
13639 
1364 
13651 
13668 
13673 
13679 
13688 
13697 
13705 
1371 
13727 
1373 
13736 
13743 
13754 
13758 
13769 
1377 
13776 
13789 
13804 
13806 
13851 
13855 
13857 
13862 
13873 
13877 
13884 
13899 
13914 
13925 
13950 
13952 
13970 
13981 
1399 
13990 
13998 
14001 
14009 
1401 
14012 
14023 
14025 
14030 
14041 
14043 
14045 
14049 
1405 
14063 
14065 
14067 
14069 
14078 
14081 
14087 
1409 
14090 
14094 
14096 
14100 
14104 
14108 
14119 
14122 
14153 
1416 
14160 
14162 
14173 
14188 
14193 
14199 
14201 
14207 
14209 
14210 
14218 
14227 
14236 
14247 
14258 
14274 
14285 
1430 
14302 
14311 
14315 
14319 
14328 
14331 
14335 
14357 
14362 
14379 
1438 
14380 
14382 
14386 
14388 
14393 
14397 
14399 
14401 
14407 
14452 
14454 
14467 
14476 
14478 
14481 
14483 
14485 
14489 
14498 
14502 
14504 
14519 
14520 
14522 
14528 
14535 
14542 
14546 
14548 
14551 
14553 
14559 
14571 
14577 
14582 
14595 
14601 
14607 
1461 
14610 
14612 
14614 
14625 
14632 
14634 
1465 
14650 
14652 
14656 
14663 
14669 
1469 
14692 
14694 
14696 
14698 
14700 
14704 
14719 
14720 
14722 
14728 
14744 
14748 
1476 
14760 
14777 
1478 
14780 
14803 
1481 
14810 
14821 
14823 
1483 
14850 
14852 
14854 
14861 
1487 
14883 
14885 
14892 
14894 
14911 
14913 
14915 
1492 
14922 
14935 
14937 
1494 
14951 
14955 
14960 
14962 
14968 
14971 
14973 
14991 
15000 
15002 
15006 
15015 
15019 
15024 
15031 
15042 
15046 
15055 
15059 
15064 
15068 
15077 
15088 
15095 
15103 
15118 
15125 
15138 
15143 
15161 
15163 
15172 
15178 
15183 
15189 
15194 
15196 
15198 
15222 
15231 
15235 
15240 
15255 
15257 
15264 
15268 
15275 
1528 
15291 
15305 
1531 
15312 
15330 
15332 
15345 
15349 
15356 
15363 
15365 
15369 
15370 
15372 
15374 
15378 
15385 
1539 
15394 
15398 
15400 
15402 
15411 
15413 
15417 
15419 
15422 
15424 
15431 
15439 
15442 
15444 
15451 
15455 
15459 
1546 
15460 
15466 
15471 
15477 
1548 
15482 
15484 
15488 
15491 
15493 
15501 
15503 
15505 
15509 
15523 
15525 
15532 
15534 
15545 
15552 
15558 
15563 
1557 
15574 
15581 
1559 
15594 
15600 
15611 
15615 
15635 
15646 
15651 
15653 
15655 
15662 
15668 
15675 
15680 
15686 
15691 
15701 
15703 
15709 
15714 
15718 
15721 
15725 
15727 
15734 
15736 
15741 
15750 
15754 
15756 
15765 
1577 
15785 
1579 
158 
15804 
15831 
15833 
15835 
15837 
15839 
1584 
15846 
15848 
15851 
15855 
15860 
15882 
15886 
15895 
15903 
15914 
15916 
15921 
15932 
15941 
1595 
15950 
15958 
15961 
15967 
15972 
15978 
15996 
16001 
16003 
16005 
16014 
16016 
16023 
1603 
16032 
16034 
16036 
16049 
1605 
16052 
16058 
16061 
16067 
16069 
16074 
16083 
16092 
16094 
16096 
16098 
1610 
16108 
16120 
16124 
16139 
16142 
16144 
16153 
16160 
16168 
16173 
16186 
16199 
16205 
1621 
16225 
16236 
16243 
16245 
16249 
16250 
16274 
16294 
16296 
163 
16344 
16348 
16357 
1638 
16384 
16405 
1641 
16423 
16425 
16441 
16445 
16447 
16454 
16458 
16467 
1647 
16476 
16487 
16496 
16500 
16508 
16515 
1652 
16524 
16526 
1654 
16546 
16551 
16555 
16560 
16562 
16575 
16621 
16625 
16632 
1667 
16672 
16689 
16704 
16706 
16711 
16735 
16751 
16797 
1681 
16830 
16849 
16858 
16861 
16863 
16865 
16883 
1689 
16896 
16898 
16935 
16937 
1694 
16940 
16942 
1696 
16962 
1698 
16980 
16986 
1702 
17020 
17024 
17033 
17040 
17042 
17055 
17057 
17086 
17088 
17099 
17101 
17103 
17105 
17107 
17123 
17125 
17127 
17130 
17134 
17154 
17163 
17165 
17167 
17172 
17176 
17178 
17181 
17185 
17189 
1719 
17192 
17196 
17198 
1720 
17200 
17202 
17204 
17206 
17217 
17222 
17233 
17240 
17253 
17260 
17279 
17291 
17303 
17305 
17309 
17310 
17314 
17321 
1733 
17330 
17334 
17336 
1735 
17365 
1737 
17392 
17406 
17417 
17446 
17448 
17473 
17491 
17503 
17512 
17521 
17525 
17541 
1755 
17552 
17563 
17565 
17567 
1757 
17572 
17585 
1759 
17590 
17592 
17594 
176 
1762 
1764 
17808 
1784 
1786 
17884 
1797 
17990 
1809 
18102 
18131 
18135 
18168 
18175 
18180 
18184 
18188 
1823 
18243 
18252 
18254 
18265 
18290 
18292 
18304 
18315 
18317 
18319 
18335 
18346 
18351 
18353 
18357 
18364 
18377 
18380 
18403 
18405 
18421 
18425 
18438 
18450 
18461 
18474 
18483 
18487 
18500 
18502 
18506 
18513 
18539 
18559 
18573 
18580 
18582 
18586 
1861 
18610 
18612 
18618 
18621 
1863 
18641 
1865 
1867 
1870 
1876 
1887 
19 
1900 
1917 
1939 
1940 
19442 
19466 
19468 
19493 
19509 
19527 
1953 
19569 
19574 
19578 
19585 
19590 
19592 
19594 
19598 
19622 
19644 
19648 
19657 
19671 
19675 
19680 
19686 
19693 
19697 
19701 
19703 
19705 
19727 
19729 
19730 
19736 
19741 
19749 
19802 
19806 
19808 
1982 
19826 
19842 
19846 
19855 
19859 
19862 
19866 
19875 
19880 
19895 
19899 
19905 
19909 
1991 
19912 
19923 
19925 
19929 
19938 
19961 
19981 
19987 
20011 
20020 
20022 
20042 
20053 
20082 
206 
20644 
20727 
20752 
20992 
21014 
21032 
21065 
21067 
21081 
21090 
211 
21113 
21144 
21164 
21166 
21173 
21197 
21199 
21209 
21223 
21238 
21263 
21276 
21289 
21296 
21328 
21337 
21357 
21368 
21377 
21395 
21403 
21412 
21430 
21443 
21445 
21450 
21467 
21481 
21492 
21542 
21551 
21568 
21580 
21586 
21591 
21595 
21599 
21623 
21625 
21627 
21638 
21654 
21658 
21670 
21672 
21694 
21700 
21722 
21724 
21731 
21733 
21755 
21764 
21777 
21784 
21786 
21795 
21797 
21827 
21832 
21843 
21863 
21874 
21876 
21878 
21889 
21892 
21902 
21915 
21917 
21919 
21920 
21924 
21937 
21942 
21951 
21959 
21962 
21971 
21984 
21993 
22002 
22004 
22013 
22019 
22035 
22044 
22046 
22055 
22060 
22099 
22127 
22134 
22136 
22149 
22156 
22170 
22206 
22226 
22228 
22233 
22240 
22282 
22284 
22288 
22299 
22329 
22330 
22332 
22345 
22354 
22361 
22365 
22369 
22370 
22381 
22387 
22392 
22394 
22398 
22419 
22448 
22453 
22457 
22471 
22475 
22503 
22521 
22532 
22536 
22541 
22552 
22556 
22565 
22567 
22569 
22572 
22576 
22583 
22585 
226 
22604 
22608 
22628 
22633 
22635 
22646 
22651 
22653 
22679 
22682 
22727 
22732 
22741 
22747 
22750 
22767 
22769 
22772 
22778 
22787 
22804 
22808 
22822 
22831 
22833 
22844 
22846 
22855 
22914 
22927 
22934 
22936 
22943 
22965 
22972 
22974 
22978 
22989 
23012 
23038 
23049 
23050 
23054 
23056 
23058 
23063 
23072 
23078 
23083 
23085 
23100 
23102 
23122 
23137 
23139 
23144 
23146 
23157 
23162 
23164 
23173 
23182 
23184 
23197 
23218 
23234 
23254 
23265 
23269 
23270 
23274 
23287 
23290 
23298 
233 
23313 
23315 
23317 
23328 
23333 
23344 
23359 
23360 
23362 
23366 
23379 
23380 
23382 
23384 
23386 
23397 
23405 
23421 
23430 
23434 
23438 
23456 
23458 
23472 
23478 
23483 
23485 
23487 
23494 
23520 
23555 
23557 
23559 
23560 
23562 
23571 
23584 
23593 
23597 
23610 
23616 
23618 
23625 
23627 
23636 
23645 
23649 
23658 
23669 
23681 
23687 
23689 
23694 
23704 
23711 
23728 
23735 
23737 
23759 
23762 
23766 
23780 
23782 
23791 
23793 
23801 
23803 
23809 
23818 
23834 
23849 
23863 
23869 
23874 
23878 
23892 
23894 
23915 
23920 
23922 
23935 
23964 
23968 
23973 
23984 
24 
24004 
24020 
24028 
24033 
24046 
24071 
24073 
24084 
24086 
2415 
24152 
24158 
24161 
24167 
24174 
24189 
24194 
24202 
24211 
24217 
24235 
24260 
24262 
24266 
24273 
24280 
24305 
24307 
24321 
24329 
24330 
24334 
24338 
24369 
24370 
24372 
24385 
24389 
24390 
24394 
24396 
24415 
24431 
24435 
24440 
24442 
24457 
24468 
24475 
24493 
24503 
24510 
24525 
24543 
24545 
24547 
24549 
24570 
24574 
24585 
24600 
24617 
24628 
24639 
24653 
24664 
24686 
24691 
24693 
24697 
24701 
24712 
24718 
24734 
24736 
24745 
24749 
24750 
24756 
24765 
24769 
24778 
24787 
24794 
24796 
24800 
24811 
24813 
24815 
24817 
24826 
24844 
24848 
24871 
24879 
24882 
24897 
24925 
24936 
24945 
2495 
24952 
24956 
24961 
24963 
24969 
24974 
24976 
24983 
24985 
24990 
24996 
25001 
25009 
25010 
25012 
25016 
25021 
25027 
25036 
25043 
25045 
25052 
25063 
25069 
25083 
25087 
25106 
25111 
25119 
25126 
25131 
25133 
25139 
25140 
25162 
25168 
25175 
25179 
25182 
25191 
25193 
25227 
25229 
25230 
25238 
25241 
25250 
25258 
25263 
25270 
25274 
25281 
25287 
25292 
253 
25302 
25304 
25311 
25313 
25315 
25317 
25319 
25339 
25344 
25346 
25351 
25353 
25357 
25375 
25377 
25380 
25405 
25438 
25447 
25452 
25456 
25461 
25474 
25478 
25498 
25504 
25508 
25517 
25519 
25522 
25544 
25562 
25564 
25568 
25571 
25599 
25607 
25641 
25647 
25650 
25706 
25733 
25737 
25746 
25760 
25762 
25766 
25777 
25780 
25793 
25799 
25803 
25807 
25810 
25825 
25830 
25843 
25856 
25904 
25926 
25933 
25935 
25942 
25946 
25957 
25966 
25971 
25973 
25980 
25982 
26 
26002 
26026 
26031 
26035 
26068 
26073 
26079 
26093 
26105 
26107 
26109 
26116 
26123 
26130 
26132 
26134 
26143 
26149 
26150 
26158 
26165 
26167 
26169 
26172 
26174 
26187 
26189 
26190 
26194 
26198 
26206 
26217 
26220 
26222 
26224 
26231 
26255 
26260 
26273 
26279 
26280 
26299 
26316 
26323 
26334 
26343 
26350 
26372 
26381 
26392 
26411 
26435 
26440 
26444 
26451 
26468 
26495 
26501 
26514 
26518 
26521 
26525 
26527 
26541 
26552 
2660 
26679 
26756 
26794 
26820 
26840 
26853 
26893 
26930 
27061 
27078 
27087 
27090 
27092 
27115 
27131 
27139 
27155 
27168 
27179 
27180 
27182 
27191 
27201 
27205 
27207 
27209 
27210 
27212 
27218 
27223 
27225 
27238 
27241 
27249 
27252 
27254 
27258 
27263 
27265 
27276 
27285 
27289 
27290 
27292 
27298 
27311 
27319 
27326 
27342 
27344 
27355 
27368 
27375 
27377 
27393 
27425 
27432 
27434 
27467 
27472 
27474 
27476 
27483 
27490 
275 
27506 
27511 
27515 
27531 
27542 
27586 
27588 
27591 
27599 
27603 
280 
28309 
28318 
28370 
28381 
28394 
28396 
28400 
28402 
28408 
28411 
28413 
28417 
28424 
28446 
28459 
28460 
28477 
28495 
2851 
28510 
28512 
28538 
28549 
28561 
28565 
28574 
28576 
28583 
28594 
28604 
28613 
28626 
28631 
28648 
28655 
28657 
28664 
28675 
28680 
28686 
28688 
28699 
28709 
28714 
28723 
28725 
28732 
28738 
28745 
28765 
28767 
28774 
28789 
28790 
28806 
28813 
28819 
28820 
28822 
28833 
28835 
28839 
28860 
28862 
28871 
28875 
28877 
28880 
28897 
28907 
28909 
28927 
28949 
28963 
28965 
28976 
28981 
28989 
28990 
28996 
29005 
29483 
29652 
2967 
29731 
29782 
29793 
29801 
29847 
29849 
29889 
29890 
29939 
29946 
29953 
29988 
30074 
30100 
30117 
30146 
30164 
30168 
30229 
30234 
30243 
30245 
30261 
30292 
30294 
30302 
30311 
30313 
30320 
30324 
30337 
30344 
30346 
30353 
30366 
30371 
30379 
30388 
30393 
30410 
30414 
30432 
30438 
30485 
30522 
30526 
30533 
3054 
30544 
30551 
30555 
30557 
30560 
30573 
30579 
30586 
30593 
30597 
30601 
30603 
30605 
30610 
30612 
30614 
30618 
30621 
30629 
30632 
30645 
30652 
30687 
30689 
30692 
30702 
30708 
30746 
30766 
30768 
30797 
30807 
30809 
30827 
30841 
30858 
30869 
309 
30920 
30933 
30960 
30968 
30973 
30979 
31002 
31008 
31044 
31051 
31062 
31073 
31093 
31095 
31105 
3111 
31114 
31118 
31145 
3115 
31165 
31170 
3119 
31196 
31215 
31217 
31242 
31262 
31316 
31318 
31330 
31332 
31341 
31350 
31358 
31367 
3137 
31372 
31381 
3140 
31400 
31415 
31431 
31433 
31437 
31453 
31457 
31464 
31486 
31493 
31510 
31525 
31527 
31532 
31534 
31541 
31545 
31552 
31574 
31576 
31583 
31606 
31608 
31615 
31628 
31635 
31640 
31662 
31664 
31666 
31705 
31707 
31712 
31721 
31743 
31747 
31749 
31750 
31767 
31769 
3177 
31781 
31789 
31794 
318 
31804 
31806 
31815 
31828 
31831 
31839 
31840 
31848 
31851 
31853 
31857 
31871 
31880 
31907 
31914 
31916 
31949 
31950 
31952 
31954 
3197 
31994 
31998 
32005 
32018 
32043 
32052 
32054 
3207 
32074 
32078 
32083 
32087 
32090 
32092 
32096 
321 
32113 
32124 
32128 
32144 
32168 
32171 
32177 
3218 
32182 
32191 
32203 
32207 
32210 
32214 
32216 
32234 
32236 
3225 
32250 
3227 
32274 
32278 
323 
3230 
32300 
32317 
32319 
32322 
32333 
32335 
32346 
32359 
32375 
32377 
32382 
32384 
32386 
32388 
32393 
32395 
32397 
32399 
32403 
32405 
32407 
32410 
32432 
32434 
32445 
32463 
32465 
3247 
32478 
32481 
32483 
32489 
32490 
325 
32502 
32508 
32519 
3252 
32528 
32531 
32537 
32551 
32553 
32559 
3256 
32582 
32588 
32595 
32597 
32603 
32605 
32610 
32614 
32647 
32661 
32667 
32676 
32683 
32690 
32715 
32733 
32735 
32737 
32744 
32760 
32764 
32788 
32791 
32799 
3281 
32825 
32834 
32841 
32843 
32847 
32850 
32858 
32867 
32874 
32876 
32889 
32892 
32894 
32902 
32904 
32906 
32911 
32913 
32917 
32920 
32924 
32933 
32935 
32939 
32942 
32946 
32951 
32957 
32966 
32968 
32979 
32980 
32988 
32991 
32993 
32995 
32997 
33022 
33033 
33035 
33048 
33051 
33055 
33059 
33066 
33071 
33073 
33077 
3308 
33086 
33095 
33103 
33105 
33112 
33118 
33129 
3313 
33143 
3315 
33152 
33154 
33167 
33169 
33172 
33192 
33194 
33198 
33202 
33208 
33213 
33217 
33219 
33222 
33226 
33231 
33240 
33242 
33246 
33260 
33264 
33266 
33273 
33275 
3328 
33284 
33295 
33297 
33303 
33305 
33307 
33316 
33323 
3333 
33341 
33350 
33356 
33363 
33374 
33376 
33385 
33390 
33411 
33419 
33420 
33422 
33424 
33440 
33446 
33457 
33464 
33479 
33480 
33482 
33484 
33486 
33488 
33493 
33495 
33497 
33503 
33509 
33514 
33516 
33521 
33525 
33532 
33538 
33545 
33550 
33554 
33587 
33589 
33594 
33598 
33604 
33606 
33608 
33611 
33620 
33624 
33626 
33633 
33635 
33655 
33659 
33662 
33673 
33677 
33679 
33682 
33684 
33691 
33693 
33697 
33705 
3371 
33716 
33725 
33727 
33729 
33732 
33741 
33743 
33761 
33776 
33781 
33785 
33789 
33796 
33802 
33804 
33806 
33817 
33819 
33824 
33826 
33831 
33837 
33839 
33840 
33846 
33853 
33855 
33857 
33862 
33866 
33873 
33875 
33879 
33888 
33895 
33912 
33914 
33918 
33927 
33929 
33930 
33932 
33936 
33967 
33972 
33978 
33981 
33983 
33985 
33994 
34003 
34005 
34012 
34023 
34025 
34038 
34045 
34047 
34049 
34050 
34056 
34058 
34063 
34069 
34070 
34078 
34081 
3409 
341 
34102 
34106 
34108 
34111 
34113 
34126 
34144 
34159 
3416 
34162 
34177 
34179 
3418 
34186 
34199 
34207 
34212 
3423 
34238 
34250 
34252 
34263 
34276 
34278 
34294 
343 
34300 
34306 
34322 
34342 
34351 
34353 
34380 
34384 
34409 
34458 
34461 
34463 
34465 
3449 
3450 
34500 
34519 
34535 
34537 
34540 
34544 
34548 
3456 
34566 
34571 
34605 
34609 
34618 
34629 
34636 
34663 
34692 
34696 
34702 
34704 
34739 
3474 
34742 
34744 
34748 
34753 
34760 
34762 
34764 
3478 
34793 
34803 
34810 
34816 
34829 
34841 
3485 
34852 
34863 
34865 
34872 
34874 
34883 
34908 
34915 
34924 
34933 
34937 
34942 
34964 
34966 
34968 
34975 
34988 
34991 
34993 
34997 
350 
3500 
35000 
35002 
35006 
35011 
35013 
35024 
35026 
35028 
35033 
35039 
3504 
35040 
35042 
35046 
35075 
35077 
3508 
35082 
35093 
35095 
35103 
35127 
35138 
35152 
35154 
35161 
35169 
35183 
352 
35204 
35211 
35222 
35235 
35239 
35251 
35253 
35260 
35266 
35277 
35303 
35318 
35330 
35341 
3535 
35374 
35378 
35381 
354 
35402 
35404 
35406 
35415 
35420 
3551 
3564 
35736 
3577 
35772 
35785 
3579 
358 
35815 
35846 
35855 
35862 
35967 
35974 
3599 
36005 
36009 
36018 
36023 
36034 
3605 
36072 
36083 
3609 
36092 
36098 
3612 
36131 
36139 
36148 
36151 
36155 
36157 
36159 
36171 
36173 
36175 
36180 
36193 
36210 
36218 
36221 
36225 
36227 
36238 
36241 
36249 
36252 
36254 
36263 
36265 
36278 
36285 
36289 
36292 
36300 
36311 
36319 
36328 
36339 
36344 
36359 
36379 
36397 
36403 
36410 
36425 
36430 
36436 
36450 
36454 
36463 
3649 
36492 
365 
3674 
3687 
369 
3700 
3704 
3713 
3715 
3717 
3724 
37318 
37325 
37329 
37341 
3735 
37350 
37363 
37369 
37387 
37389 
37400 
37408 
37415 
37437 
37440 
37451 
37459 
37466 
37468 
37473 
37479 
3748 
37480 
37495 
37497 
37499 
37507 
3751 
37512 
37514 
37523 
37525 
37530 
37536 
37538 
37565 
37570 
37574 
37581 
37583 
37590 
37592 
37594 
37604 
37608 
37619 
37622 
37624 
37626 
37631 
37639 
37640 
37642 
37677 
37680 
37705 
37710 
37727 
37741 
3775 
37750 
37752 
37761 
37772 
37776 
37781 
37794 
37798 
37806 
37813 
37839 
37846 
37860 
37873 
37877 
37907 
3791 
37918 
37921 
37923 
37930 
37932 
37943 
37958 
37983 
3805 
3810 
3816 
3829 
3832 
38355 
38412 
38481 
38515 
38546 
38562 
38603 
3865 
3878 
38847 
38881 
38894 
38959 
3896 
38960 
38971 
3902 
39088 
39118 
39129 
39134 
39141 
39143 
39145 
39154 
39163 
39167 
3922 
39222 
39237 
39246 
39275 
39295 
39307 
3931 
39318 
39329 
39349 
39361 
3937 
39392 
39398 
39406 
39424 
3944 
39440 
39442 
39448 
39460 
39466 
39484 
39497 
39547 
39549 
39558 
39565 
39567 
39569 
39578 
39592 
39604 
39606 
39611 
39619 
39626 
39628 
39633 
39639 
3964 
39646 
39651 
39662 
39664 
3968 
39686 
39727 
3973 
3975 
39765 
39767 
39769 
39789 
39794 
3980 
39811 
39817 
39819 
3982 
39837 
39844 
39855 
39857 
39866 
39871 
39873 
3988 
39886 
39907 
39949 
39954 
39956 
39965 
39967 
39970 
39974 
39985 
39998 
40019 
40026 
40044 
40055 
40057 
40060 
40082 
40101 
40105 
40110 
40114 
40118 
40123 
40125 
4013 
40134 
40141 
4017 
40172 
40178 
40215 
40224 
40231 
4024 
40253 
40282 
40286 
40288 
40305 
4031 
40321 
40336 
40343 
40378 
40390 
40396 
4040 
40400 
40415 
40417 
40428 
40435 
40439 
40446 
40457 
4046 
40464 
40475 
40491 
40497 
40523 
40529 
40530 
40532 
40543 
4055 
40561 
40563 
40567 
40570 
406 
40622 
40624 
40631 
40635 
40642 
40646 
40648 
40659 
4066 
40686 
40688 
40705 
40723 
40725 
40732 
40743 
40750 
40758 
40765 
4077 
40776 
40785 
40790 
40802 
40811 
40831 
40833 
40840 
40848 
40859 
40868 
40871 
40884 
40895 
40897 
40916 
40925 
40938 
40943 
4097 
40970 
40976 
40978 
40981 
40985 
40992 
40994 
41012 
41025 
41029 
41038 
41052 
41065 
4109 
41090 
411 
41100 
41106 
41142 
41151 
41171 
41173 
41175 
41179 
41180 
41182 
41184 
41197 
41203 
41207 
4121 
41229 
4123 
41236 
41238 
41241 
41249 
4125 
41250 
41254 
4127 
41270 
41292 
41294 
41306 
41313 
41319 
41320 
41324 
41326 
41328 
41335 
41339 
4134 
41351 
41353 
41357 
41362 
41373 
41377 
41379 
41382 
41407 
41410 
41416 
41421 
41438 
41443 
41445 
41447 
4145 
41456 
4147 
41490 
41500 
41511 
41517 
41526 
41531 
41535 
41548 
41562 
41568 
4158 
41595 
41599 
41605 
41610 
41618 
41621 
41629 
41632 
41636 
41654 
41656 
41667 
41669 
41687 
41690 
41698 
41715 
41731 
41739 
41744 
41748 
41751 
41760 
41762 
41773 
41775 
41777 
41791 
41797 
41799 
41803 
41812 
41816 
41823 
41827 
41841 
41850 
41854 
41874 
41876 
41892 
41931 
41933 
41951 
41955 
41959 
41962 
41966 
41975 
41984 
41991 
41995 
42 
420 
42002 
42004 
42024 
42028 
42037 
42051 
42053 
42057 
42059 
42064 
42091 
42099 
42105 
42118 
42121 
42123 
42132 
42134 
42138 
42141 
42147 
42150 
42165 
42167 
42169 
42172 
42185 
42187 
42194 
42208 
42211 
42219 
4222 
42228 
42237 
42239 
42253 
42255 
42259 
42260 
42264 
42266 
42282 
42286 
42295 
42301 
42305 
4231 
42310 
42312 
42316 
42349 
42352 
42354 
42356 
42367 
42374 
42376 
42383 
42387 
42392 
42404 
42408 
42411 
42413 
42431 
42437 
42453 
42459 
42462 
42468 
42473 
42475 
42479 
42480 
42486 
42488 
42493 
42514 
42527 
42541 
42550 
42554 
42567 
42572 
42596 
42598 
42600 
42602 
42611 
42615 
42622 
42635 
42642 
42648 
42655 
42657 
42671 
4268 
42697 
42699 
4271 
4273 
42730 
42734 
42743 
4275 
42754 
42763 
42769 
42770 
42772 
42781 
4279 
42790 
42794 
42796 
42806 
42822 
42824 
42828 
42839 
42842 
42846 
42860 
42868 
42877 
42880 
42882 
42884 
42899 
42901 
42909 
42921 
42923 
42927 
4293 
42934 
42945 
42947 
42950 
42961 
42967 
42970 
42976 
42978 
42981 
42983 
42985 
42987 
42989 
42990 
42994 
42996 
43007 
43018 
43021 
43027 
43030 
43045 
43050 
43052 
43070 
43072 
43081 
43085 
43087 
43089 
43098 
43100 
4312 
43168 
43177 
43179 
4318 
43191 
43203 
43205 
43209 
43238 
43269 
43276 
43278 
43290 
43292 
43294 
43298 
43311 
43317 
43342 
43346 
43353 
43359 
4336 
43375 
43399 
43407 
43414 
43449 
43450 
43452 
43469 
43476 
43487 
43492 
43506 
43519 
43520 
43522 
43533 
43544 
43566 
43591 
43597 
43614 
43616 
43629 
43656 
4367 
43690 
43694 
43696 
43704 
43708 
43715 
43731 
43740 
43773 
43784 
43791 
43797 
43805 
4381 
43823 
43838 
43843 
4385 
43850 
43874 
43878 
43881 
43900 
43919 
43920 
43937 
43959 
4396 
43962 
43966 
43975 
43988 
43991 
44002 
44015 
44019 
4402 
44020 
44024 
44026 
44031 
44033 
44037 
44039 
44059 
44068 
44073 
44079 
4408 
44080 
44086 
44097 
44099 
44107 
44114 
44116 
44121 
44127 
44129 
44132 
44134 
44136 
44149 
44150 
44165 
44167 
44170 
44190 
44194 
44196 
44204 
44244 
44246 
44266 
44288 
44293 
44297 
44307 
44309 
44310 
44312 
44332 
44336 
44358 
44365 
4437 
44370 
44396 
44398 
44402 
44426 
44457 
44466 
44475 
44479 
44480 
44488 
44497 
44509 
4455 
4457 
44727 
44789 
44804 
44806 
44820 
44826 
44846 
44907 
4493 
4501 
45025 
45027 
45030 
45050 
45065 
45069 
4507 
45076 
45078 
4509 
45092 
45096 
45100 
45108 
4512 
45128 
45135 
45146 
45148 
45151 
45168 
45171 
45184 
45205 
45223 
45245 
45247 
45263 
45267 
45270 
45289 
45294 
45298 
45322 
45328 
45355 
4536 
45366 
45368 
4538 
45382 
45384 
45391 
45407 
45410 
45416 
45421 
45423 
45434 
45438 
45447 
4545 
45450 
45456 
4547 
45481 
45500 
4552 
45524 
4563 
4565 
4569 
4570 
4583 
4585 
4594 
4598 
460 
4611 
4617 
4633 
46345 
46376 
46383 
46392 
46402 
46406 
46411 
46420 
46459 
46460 
46468 
4648 
46484 
46488 
46495 
46499 
46510 
46518 
46521 
46541 
46572 
46581 
46592 
46594 
46596 
466 
4660 
46602 
46604 
46617 
46622 
46635 
46637 
46646 
46653 
46659 
46664 
46668 
46686 
46688 
46691 
46699 
46701 
46703 
46707 
46709 
4671 
46716 
46721 
46725 
46727 
46732 
46743 
46747 
46749 
4675 
46756 
46758 
46763 
46769 
46770 
46778 
46802 
46808 
46815 
46819 
4682 
46822 
46826 
46831 
46842 
46853 
46855 
4686 
46868 
46903 
46909 
46912 
46916 
46925 
4693 
46932 
46949 
4697 
47050 
4727 
4743 
4754 
47562 
47575 
4758 
4761 
47612 
4770 
47704 
4772 
4781 
47829 
47850 
47913 
47935 
47977 
4798 
47997 
48011 
48017 
48057 
48082 
48110 
48112 
48125 
48132 
48134 
48136 
48138 
48145 
48147 
4815 
48150 
48167 
4817 
48198 
48202 
48208 
48213 
48217 
48226 
48233 
48246 
48255 
4826 
48260 
48262 
48268 
48271 
4828 
48299 
48305 
4833 
48332 
48350 
48356 
4837 
48374 
48415 
4842 
48420 
48442 
4846 
48466 
48473 
48475 
48493 
48509 
48514 
48558 
48563 
48565 
48569 
48572 
48592 
48596 
48615 
48626 
48628 
48631 
48677 
48697 
48705 
48709 
48727 
48743 
48750 
48756 
48758 
48763 
48765 
48781 
48789 
48798 
488 
4880 
48813 
4882 
48859 
48880 
48947 
4895 
48976 
48983 
49003 
4901 
49010 
49023 
49027 
49029 
49043 
49047 
49050 
49063 
49069 
49081 
49120 
49124 
49139 
4914 
49153 
4916 
49175 
49180 
49186 
49191 
49207 
49209 
49218 
49223 
49243 
49249 
4925 
49256 
49265 
49283 
49289 
4929 
49296 
4930 
49306 
49308 
49317 
4932 
49324 
49333 
49344 
49355 
49368 
49382 
49386 
49401 
49403 
49421 
49423 
4943 
49436 
49445 
49449 
49452 
49465 
49472 
49481 
4949 
49517 
49528 
49531 
49542 
49559 
49575 
49579 
49584 
49601 
49603 
49616 
49625 
49627 
4963 
49630 
49634 
49641 
49661 
49667 
49669 
49678 
49681 
49706 
49715 
4972 
49726 
49751 
49755 
49757 
49766 
49771 
49784 
49797 
49801 
49810 
49832 
49850 
49852 
49856 
49861 
49869 
4987 
49878 
49887 
49908 
49928 
49937 
49940 
49944 
49964 
49975 
4998 
49986 
49988 
49999 
50025 
50038 
50041 
50043 
50049 
50056 
50063 
50067 
50076 
50094 
50106 
50108 
50124 
50128 
50131 
50137 
50144 
50148 
50159 
5016 
50168 
50177 
50182 
50193 
50232 
50234 
50249 
50252 
50256 
50263 
50274 
50278 
50283 
50290 
50304 
50326 
50328 
50333 
50337 
50344 
50346 
50353 
50359 
50360 
50362 
50364 
50366 
50375 
50377 
50379 
50380 
50395 
50399 
50412 
50414 
50421 
50425 
5043 
50436 
50438 
50443 
50445 
50447 
50449 
50452 
50454 
5047 
50478 
50483 
50485 
50487 
50490 
50492 
50496 
50520 
50531 
50533 
50539 
50542 
50562 
50568 
50584 
50588 
50593 
50597 
50601 
50603 
50609 
50618 
50621 
50625 
50627 
50647 
50652 
50661 
50665 
50676 
50678 
5070 
50702 
50713 
50715 
50719 
50731 
50733 
5074 
50753 
5076 
50760 
50762 
50764 
50766 
50775 
50791 
50795 
50810 
50836 
50849 
5085 
50850 
50852 
50856 
50858 
50863 
5087 
50874 
50887 
50890 
50894 
50896 
509 
50908 
50913 
50915 
50917 
50920 
50922 
50924 
50928 
50946 
50955 
50957 
5096 
50960 
50979 
50980 
50984 
50986 
50997 
50999 
51006 
51015 
51026 
51040 
51059 
51060 
51068 
51071 
51075 
51082 
5111 
51112 
51116 
51121 
51130 
51136 
51143 
51158 
51161 
51163 
51165 
5117 
51185 
51190 
51196 
51200 
51206 
51211 
51222 
51226 
51228 
51233 
51251 
51260 
51268 
51279 
5128 
51297 
51309 
51312 
51314 
51318 
51325 
51327 
51330 
51341 
51345 
51347 
5135 
51350 
51352 
51361 
51374 
51383 
51389 
51390 
51392 
51398 
51404 
51406 
51408 
51411 
51424 
51442 
51453 
51455 
51459 
51462 
51464 
51471 
51477 
5148 
51495 
51505 
5151 
51514 
51532 
51545 
51549 
51550 
51567 
5157 
51578 
51583 
51587 
51589 
51592 
51596 
51602 
51613 
51624 
51628 
51633 
51637 
51642 
51644 
51651 
51659 
5166 
51662 
51664 
51680 
51686 
51699 
51701 
51705 
5171 
51710 
51714 
51729 
51730 
51732 
51743 
51745 
51749 
51761 
51781 
51785 
51794 
51796 
5180 
51804 
51813 
51815 
5182 
51822 
51837 
51846 
51860 
51875 
51879 
5188 
51888 
51893 
51897 
51899 
51903 
51921 
51934 
51936 
51945 
5195 
51950 
51952 
51954 
51956 
51958 
51967 
51978 
51981 
51987 
51990 
51994 
51996 
52010 
52049 
5205 
52050 
52052 
52054 
52056 
52063 
52067 
52070 
52074 
52078 
52081 
52083 
52089 
5209 
52092 
52102 
52111 
52113 
52135 
52146 
52155 
52160 
52166 
52173 
52179 
5218 
52180 
52188 
52199 
52201 
52216 
52218 
52225 
52227 
52229 
5225 
52250 
5227 
52276 
52290 
52292 
52311 
52319 
5232 
52326 
52331 
5234 
52344 
52355 
52362 
52373 
52375 
52380 
52409 
52410 
52429 
52434 
52449 
52458 
52469 
5247 
52476 
52504 
52522 
52539 
52571 
52584 
52591 
52612 
52618 
52629 
52634 
52641 
52654 
52658 
52683 
52689 
5269 
52715 
52722 
52739 
52744 
52746 
52759 
52760 
52768 
52773 
5278 
52782 
52807 
5281 
52829 
52830 
52834 
52836 
52841 
52849 
52865 
52885 
52890 
52892 
52896 
52906 
52911 
52922 
52948 
52959 
52960 
52966 
52997 
52999 
5300 
53000 
53006 
53020 
53026 
53046 
53048 
53051 
53055 
53057 
53075 
53077 
53086 
53088 
53091 
53095 
53097 
53099 
53101 
53109 
53110 
53121 
53130 
53134 
53138 
53143 
53150 
53174 
53185 
5319 
53192 
53211 
53213 
53215 
5322 
53222 
53233 
5324 
53242 
5326 
53260 
53277 
5328 
53282 
53293 
53301 
5331 
53329 
53363 
53372 
53381 
53383 
53446 
53466 
53477 
5348 
53486 
5351 
5353 
5355 
5359 
5360 
5362 
5366 
5375 
53770 
53783 
53804 
53819 
53840 
53864 
53875 
53914 
53941 
5397 
5399 
54027 
54063 
5407 
54087 
54089 
54100 
54106 
5412 
54135 
54157 
5418 
54180 
54182 
54186 
54188 
54193 
54209 
54223 
54225 
54234 
54245 
54249 
54250 
54269 
54276 
54281 
54290 
54292 
54294 
54304 
54317 
54320 
54326 
54331 
54353 
5436 
54386 
54401 
54403 
54418 
54429 
5443 
54438 
54450 
54474 
54489 
5449 
54492 
54511 
54515 
54540 
54577 
5458 
5465 
5469 
5476 
5478 
5483 
5485 
5490 
5496 
5500 
5511 
5515 
5520 
5531 
55356 
5539 
55394 
55398 
55400 
55408 
55413 
55422 
55435 
55493 
55505 
55507 
55527 
55541 
55543 
55549 
55552 
55554 
55556 
55565 
55574 
55590 
55600 
55604 
5562 
55624 
55628 
55631 
55639 
5564 
55640 
55642 
55653 
55659 
55666 
55675 
5568 
55695 
55701 
55703 
55710 
55714 
55716 
55727 
5573 
55743 
55754 
55756 
55763 
55772 
55783 
55785 
5579 
55792 
55796 
55798 
55824 
55826 
55833 
55846 
55860 
55886 
55897 
55905 
55927 
5593 
55930 
55934 
55976 
55996 
55998 
56003 
5601 
56023 
56027 
56032 
56038 
56041 
5618 
5623 
56522 
56533 
5656 
5658 
5663 
5667 
5669 
5670 
5676 
5683 
56850 
5694 
56953 
56975 
56993 
5700 
57002 
57099 
57101 
57105 
57138 
57145 
57147 
57170 
57178 
57183 
5719 
57192 
57196 
57208 
57219 
5722 
57222 
5724 
57240 
57246 
57257 
5726 
57260 
57277 
57282 
57286 
57291 
57295 
57301 
57309 
57336 
57354 
57376 
57378 
57389 
57392 
57394 
57396 
57408 
57415 
57422 
57428 
57433 
57435 
57453 
57457 
5746 
57468 
57475 
57477 
5748 
57484 
57503 
57541 
57543 
5755 
57565 
57581 
57585 
57608 
57611 
57613 
57615 
5762 
57624 
57637 
57657 
57671 
57697 
57718 
57723 
57729 
57730 
57736 
57738 
57745 
5775 
57774 
57792 
57796 
57813 
57817 
57819 
5782 
57835 
57837 
57839 
57846 
57855 
57859 
57866 
57873 
57875 
57893 
57899 
5791 
57910 
57929 
57949 
57952 
57958 
57965 
57981 
57989 
5801 
58032 
58038 
58054 
58056 
58067 
58070 
58078 
58083 
58113 
58144 
58153 
58157 
58168 
58182 
58186 
58193 
58197 
58203 
58207 
58210 
58223 
58232 
58238 
58247 
58252 
58254 
58258 
58270 
58276 
58285 
5829 
58315 
58319 
5834 
58342 
58357 
58379 
58399 
58412 
58414 
58416 
58427 
58452 
58502 
58517 
58520 
58528 
58533 
58535 
58542 
5856 
58560 
58568 
58573 
5858 
58582 
58588 
58599 
58605 
58625 
58627 
5863 
58636 
58658 
58667 
58681 
58685 
58687 
58689 
58694 
58704 
58715 
58764 
58779 
58803 
58805 
5881 
58818 
58821 
58832 
58834 
58850 
58856 
58861 
58867 
58869 
58876 
58878 
58902 
58904 
58908 
58917 
58920 
58926 
58946 
58948 
58955 
58960 
58962 
58971 
58975 
58977 
58991 
59006 
59011 
59013 
59015 
59020 
59031 
59046 
59053 
59062 
59075 
59079 
59093 
59097 
59110 
59112 
59118 
59136 
59141 
59156 
59167 
59176 
59181 
59183 
59200 
59211 
59213 
5922 
59228 
59239 
59242 
59253 
59264 
59266 
59277 
59279 
5928 
59282 
59284 
59286 
59303 
59310 
59323 
59330 
59334 
59336 
59350 
59363 
59365 
5937 
59374 
59390 
59392 
59396 
5940 
59400 
59406 
59411 
59419 
5942 
59428 
59439 
5944 
59457 
59459 
59464 
59479 
59486 
59488 
59493 
59495 
59503 
59505 
59507 
59512 
59518 
59525 
59529 
5953 
59561 
59570 
59576 
59578 
59596 
59611 
59613 
59617 
59619 
59620 
59635 
59639 
59644 
59646 
59657 
59662 
59668 
59693 
59705 
5971 
59712 
59716 
59718 
59721 
59723 
59738 
59745 
59749 
59761 
59767 
59785 
59794 
59811 
59813 
59817 
59820 
59828 
59860 
59868 
59877 
59879 
5988 
59882 
59884 
59888 
59893 
59932 
59945 
5995 
59963 
59967 
59972 
59978 
59981 
59985 
59987 
59992 
59996 
60 
6000 
60000 
60013 
60015 
60017 
60024 
60031 
60033 
60055 
6006 
60064 
60073 
60075 
60082 
60084 
60091 
60099 
60103 
60107 
60132 
60147 
60158 
60161 
6017 
60170 
60189 
6019 
60198 
6020 
60202 
60213 
60217 
60220 
60224 
60239 
6024 
60251 
60253 
60262 
60264 
60268 
60273 
60275 
60279 
60284 
60288 
60291 
60310 
60318 
60321 
60323 
60329 
60330 
60343 
60350 
60354 
60361 
60370 
60376 
6039 
60392 
60396 
6040 
60404 
60408 
60415 
60417 
60420 
60422 
60426 
60428 
60435 
60440 
60442 
60444 
60448 
60457 
60468 
60475 
60499 
60507 
60510 
60514 
60518 
60525 
6053 
60532 
60538 
60549 
60550 
60554 
60561 
60569 
60574 
60576 
60581 
60583 
60589 
60596 
60611 
60615 
60619 
60637 
60639 
6064 
60642 
60657 
6066 
60660 
60662 
60679 
60712 
60716 
60718 
6073 
60734 
60738 
60743 
60749 
60750 
60761 
60769 
60770 
60772 
60774 
60781 
60787 
60789 
60790 
60792 
60796 
60798 
60815 
60817 
6082 
60822 
60835 
60837 
60840 
60842 
60844 
60848 
60853 
60860 
60879 
60880 
60882 
60884 
60886 
60893 
60905 
60907 
60909 
60918 
60921 
60927 
60929 
6093 
60934 
60943 
60969 
60978 
60981 
60987 
60990 
60992 
61003 
6101 
61014 
61021 
61023 
61032 
61038 
61041 
61047 
6105 
61065 
61069 
61096 
61104 
61113 
61120 
61135 
6114 
61140 
61153 
61157 
61168 
61180 
61186 
61191 
61193 
61203 
61210 
61229 
61238 
61267 
61276 
61287 
61290 
61294 
61300 
61304 
61308 
61311 
61313 
61319 
61324 
61337 
6134 
61342 
61351 
61359 
61386 
61393 
61395 
61403 
61405 
6141 
61410 
61421 
61423 
61425 
61430 
61441 
61449 
6145 
6149 
61494 
6150 
61506 
61515 
6152 
61546 
61559 
61564 
61577 
6158 
61603 
61616 
61625 
61630 
61638 
61643 
61656 
61663 
61674 
61681 
61689 
61692 
61694 
61704 
61706 
61720 
61746 
61768 
61775 
61777 
61779 
61782 
61793 
61805 
61812 
61836 
61841 
6185 
61863 
61867 
61869 
61870 
6189 
61890 
61915 
6192 
61920 
61933 
61935 
61942 
61946 
61973 
61977 
6198 
61980 
61984 
61995 
61997 
61999 
62004 
62015 
6202 
62022 
62028 
62031 
62037 
6204 
62046 
62048 
62057 
62059 
62060 
62068 
62071 
62073 
62079 
62082 
62095 
62110 
62112 
62118 
62130 
62150 
62161 
62163 
62176 
62178 
62187 
6219 
6220 
62222 
62224 
62228 
6224 
62282 
62284 
62293 
6231 
62343 
62363 
62370 
62374 
62387 
6239 
62394 
6240 
62402 
62411 
62424 
62426 
62431 
62433 
62439 
6248 
6251 
6255 
62596 
6266 
62703 
62714 
62716 
62725 
62745 
62747 
6277 
6282 
6284 
6291 
6297 
6301 
6303 
6307 
6309 
6310 
6314 
6318 
6329 
6330 
6336 
6341 
6347 
6356 
6361 
6374 
6376 
6385 
6389 
6390 
6396 
6398 
6402 
6404 
6408 
6413 
6419 
6420 
6446 
6453 
6455 
6459 
6466 
6471 
6482 
6491 
6493 
6497 
6507 
6509 
6510 
6512 
6543 
6547 
6549 
6558 
6561 
6574 
6578 
6592 
6606 
6608 
6635 
6637 
6639 
6646 
6653 
6657 
6659 
6677 
6684 
6688 
6691 
6697 
6705 
6707 
6716 
6725 
6727 
6732 
6736 
6750 
6752 
6765 
6767 
6770 
6772 
6776 
6778 
6781 
6789 
6790 
6798 
6815 
6831 
6835 
6837 
6840 
6842 
6846 
6848 
6855 
6868 
6873 
6875 
6880 
6882 
6886 
6893 
6897 
6899 
6918 
6929 
6941 
6952 
6958 
6961 
6965 
6985 
6987 
6989 
6990 
6998 
7005 
7010 
7018 
7032 
7036 
7054 
7081 
7104 
7115 
7119 
7120 
7124 
7126 
7146 
7151 
7153 
7216 
7230 
7238 
7243 
7245 
7247 
7252 
7270 
7296 
7298 
73 
7300 
7315 
7322 
7353 
7359 
7386 
7405 
7429 
7430 
7436 
7438 
7445 
7449 
7456 
7458 
7485 
7494 
7511 
7531 
7537 
7546 
7553 
7560 
7562 
7579 
7584 
7593 
7607 
7609 
7621 
7632 
7665 
7674 
7681 
7685 
7689 
7700 
7702 
7708 
7715 
7717 
7735 
7737 
7753 
7757 
7773 
7786 
7795 
7799 
7807 
7810 
7816 
7818 
7836 
7845 
7850 
7854 
7863 
7867 
7872 
7874 
7887 
7889 
7894 
7896 
7904 
7913 
7922 
7926 
7933 
7937 
7940 
7942 
7953 
7959 
7966 
7968 
7975 
7980 
7986 
7999 
8002 
8004 
8022 
8037 
8039 
8046 
8048 
8055 
8086 
8088 
8101 
8109 
8118 
8125 
8143 
8176 
8178 
8183 
8189 
8194 
8198 
8219 
8222 
8224 
8226 
8233 
8242 
8251 
8275 
8303 
8330 
8332 
8334 
8347 
8378 
8383 
8387 
8389 
8415 
8691 
8716 
8729 
8734 
8781 
88 
8800 
8811 
8813 
8820 
8828 
8927 
8936 
8956 
8974 
9003 
9010 
9018 
9025 
9027 
9034 
9045 
9049 
9065 
9072 
9094 
9117 
9122 
9126 
9128 
9140 
9146 
9155 
9157 
9171 
9182 
9199 
9207 
9212 
9216 
9221 
9223 
9236 
9245 
9267 
9270 
9274 
9276 
9289 
9290 
9296 
9304 
9306 
9313 
9320 
9326 
9348 
9357 
9360 
9366 
9375 
9380 
9386 
9391 
9405 
9407 
9421 
9445 
9458 
102 
10246 
10251 
10262 
10271 
10284 
10286 
10291 
10299 
10301 
10309 
10316 
10330 
10338 
10349 
10356 
10365 
10398 
10400 
10417 
10426 
10431 
10439 
10462 
10468 
10471 
10480 
10482 
10488 
10493 
10503 
10512 
10514 
10532 
10541 
10549 
10561 
10574 
10581 
10585 
10587 
10594 
10600 
10615 
10619 
10622 
10633 
10635 
10640 
10655 
10657 
10660 
10668 
10671 
10679 
10684 
10686 
10695 
10714 
10730 
10732 
10734 
10738 
10763 
10772 
10785 
10792 
10798 
10817 
10828 
10835 
10880 
10882 
10886 
10895 
10905 
10914 
10936 
10961 
10963 
11414 
11560 
11771 
11834 
11896 
11902 
11917 
11922 
11924 
11988 
11999 
120 
12002 
12019 
12039 
12060 
12084 
12093 
12107 
12116 
12125 
12141 
12143 
12145 
12152 
12156 
12174 
12176 
12192 
12220 
12222 
12228 
12235 
12251 
12264 
12268 
12279 
12280 
12288 
12297 
12312 
12318 
12323 
12354 
12402 
12417 
12431 
12444 
12446 
12451 
12471 
12482 
12493 
12501 
12514 
12525 
12527 
12530 
12532 
12538 
12547 
1255 
12550 
12558 
1259 
12598 
12606 
12620 
12673 
12675 
12680 
12684 
12688 
12691 
12697 
12718 
1273 
12734 
12738 
12761 
12767 
12769 
12770 
12774 
12778 
12781 
12783 
12806 
12819 
12822 
12831 
12835 
12851 
1286 
12871 
12891 
12901 
12905 
12916 
12918 
1293 
12930 
12947 
12952 
12956 
12970 
12987 
12996 
13030 
1307 
13074 
13076 
1309 
13092 
13096 
13098 
13117 
13119 
13139 
13153 
13155 
13159 
13164 
13168 
13171 
13210 
13216 
13221 
13229 
1323 
13236 
13258 
13261 
13265 
13274 
13296 
13300 
13311 
13324 
13328 
13368 
13373 
13391 
13397 
13401 
13403 
13409 
13421 
13423 
1343 
13434 
13436 
13449 
13454 
13458 
13461 
13483 
1350 
13513 
1352 
13520 
13535 
13539 
13542 
13557 
13562 
13568 
13575 
13597 
13614 
13616 
13632 
13645 
1365 
13670 
13674 
13698 
137 
13702 
13708 
13713 
13722 
13724 
13728 
13733 
13735 
13737 
13755 
13780 
13782 
13784 
13795 
13810 
13827 
13832 
13845 
13852 
1387 
13883 
13890 
13908 
13911 
13944 
13953 
13955 
13960 
13966 
13971 
13975 
13980 
13997 
14 
1400 
14011 
14013 
14015 
14026 
14040 
14042 
14044 
14062 
14064 
14066 
14080 
14099 
14107 
14118 
14121 
14123 
14130 
14136 
14152 
14154 
14156 
14176 
14187 
14192 
14198 
14200 
14202 
14211 
14213 
1422 
14222 
14231 
14233 
14237 
14253 
1426 
14268 
14291 
14295 
14305 
14318 
14325 
14330 
14334 
14336 
14338 
14341 
14352 
14367 
14370 
14378 
14381 
14389 
1439 
14400 
14408 
14413 
14422 
14424 
14426 
14435 
14444 
14457 
1446 
14466 
14477 
14479 
14480 
14499 
14501 
14503 
14516 
14523 
14534 
14541 
14550 
14552 
14567 
14572 
14581 
14592 
14594 
146 
14617 
14619 
14628 
14637 
14639 
14644 
14655 
14660 
14662 
14677 
14679 
1468 
14684 
14688 
14697 
14699 
1471 
14710 
14718 
14725 
1473 
14745 
14747 
1475 
14752 
14756 
14765 
14769 
14772 
14781 
14787 
14798 
14802 
14804 
14815 
14817 
1482 
14833 
1484 
14840 
14844 
14862 
14868 
14879 
14897 
14899 
14912 
14927 
1493 
14932 
14934 
14938 
14943 
1495 
14956 
14958 
14967 
1497 
14970 
14972 
14978 
14990 
14992 
15009 
1501 
15012 
15034 
1505 
15050 
15052 
15076 
15078 
151 
15126 
15128 
15135 
15144 
15146 
15151 
15162 
15168 
15171 
15177 
15188 
15191 
15195 
15205 
15207 
1521 
15214 
15229 
15249 
1525 
15263 
15265 
15272 
15296 
153 
15300 
15313 
15322 
15324 
15331 
15357 
15360 
15362 
15364 
15379 
15384 
15388 
15391 
15393 
15399 
15401 
1541 
15410 
15412 
15423 
15425 
1543 
15432 
15434 
15436 
15443 
15445 
15452 
15465 
15467 
15470 
15472 
15481 
15483 
15487 
1549 
15492 
15494 
15496 
15500 
15506 
15513 
15517 
1552 
15520 
15528 
15531 
15533 
15535 
15539 
1554 
15542 
15559 
1556 
15566 
15571 
15579 
1558 
15580 
15582 
15586 
15588 
15597 
15601 
15605 
15607 
1561 
15610 
15612 
15616 
15618 
15623 
15629 
15634 
15643 
15645 
15652 
15656 
15669 
15676 
15683 
15689 
15704 
15713 
15720 
15735 
15739 
15742 
15744 
15775 
15784 
15786 
15788 
15791 
15795 
15818 
15821 
15823 
15841 
15850 
15863 
15869 
15890 
15894 
15896 
1590 
15911 
15913 
1592 
15920 
15924 
15928 
15937 
15939 
1594 
15944 
15951 
15955 
15957 
15959 
15964 
15971 
15982 
15984 
15988 
15995 
1600 
16000 
16002 
16004 
16006 
1602 
1604 
16057 
16064 
16066 
16071 
16077 
16095 
16112 
16136 
16138 
16143 
16165 
16167 
1617 
16181 
1619 
16190 
16198 
16202 
16211 
16215 
16219 
1622 
16226 
16235 
16237 
16248 
16257 
16268 
16286 
16301 
16307 
16318 
16321 
16352 
16356 
16358 
16361 
16367 
16369 
16372 
16389 
16413 
16424 
1644 
16457 
16460 
16473 
16475 
1648 
16482 
16509 
16518 
16525 
1653 
16549 
16561 
16578 
16589 
1659 
16596 
16620 
16624 
16635 
1664 
16660 
16673 
16675 
16688 
16701 
16709 
16730 
16738 
16749 
16758 
16783 
16785 
16787 
16789 
1680 
16800 
16817 
16819 
16831 
16835 
16839 
16859 
16860 
16862 
16864 
16868 
16880 
16888 
16897 
16910 
16912 
16916 
16927 
16929 
16943 
16949 
16978 
16992 
17023 
17029 
17058 
17065 
17067 
17081 
17085 
1709 
17092 
17094 
17098 
1710 
17104 
17106 
17117 
17139 
1714 
17140 
17142 
17146 
17157 
17164 
17166 
1718 
17184 
17193 
17195 
17199 
17201 
17207 
17209 
17210 
17218 
1723 
17232 
17238 
17249 
17267 
17272 
17281 
1729 
173 
17302 
17313 
17317 
17359 
17364 
17371 
1738 
17405 
17414 
17425 
17429 
17436 
17449 
1749 
17494 
17498 
17500 
17502 
17511 
17519 
17528 
17560 
17562 
17571 
17575 
17577 
17799 
1787 
17878 
1789 
17892 
17894 
17896 
17902 
17906 
17913 
17917 
1794 
17960 
1798 
17980 
17988 
17993 
18 
18095 
18099 
18132 
18138 
18154 
18189 
18194 
18196 
18198 
18213 
18220 
18228 
18231 
18255 
1826 
1828 
18288 
18291 
18293 
18316 
18329 
18332 
18336 
18343 
18345 
18347 
18358 
18389 
184 
18415 
18422 
18428 
18479 
18493 
18497 
18499 
18512 
18516 
18534 
18556 
18567 
18570 
18615 
1864 
18653 
18659 
1879 
1880 
1893 
1905 
1910 
1916 
1934 
19445 
19458 
19470 
19481 
19487 
19504 
19511 
19517 
19520 
19535 
19579 
1958 
19607 
19609 
19625 
19629 
1963 
19630 
19638 
19641 
19652 
19665 
1967 
19672 
19683 
19698 
19704 
19708 
19719 
19735 
19739 
1974 
19740 
19742 
19759 
19775 
19779 
19782 
19795 
19812 
19823 
19825 
19836 
19838 
19841 
19869 
19870 
19874 
19896 
19898 
19904 
19908 
19915 
1992 
19920 
19924 
19931 
19935 
19939 
1994 
19953 
19955 
19997 
20025 
20038 
20061 
20104 
205 
20623 
20809 
209 
20908 
21017 
21019 
21053 
21077 
21101 
21103 
21125 
21132 
21147 
21170 
21190 
21196 
21219 
21222 
21233 
21235 
21237 
21301 
21303 
21305 
21307 
21318 
21332 
21363 
21369 
21372 
21385 
21389 
21396 
214 
21411 
21415 
21426 
21433 
21435 
21471 
21479 
21486 
21491 
21493 
21499 
21514 
21523 
21530 
21543 
21550 
21558 
21563 
21581 
21589 
21596 
216 
21604 
21608 
21620 
21624 
21633 
21686 
21707 
21714 
21716 
21723 
21725 
21729 
21738 
21747 
21749 
21752 
21761 
21763 
21769 
21776 
21778 
21794 
21798 
21802 
21804 
21822 
21828 
21840 
21848 
21853 
21857 
21864 
21868 
21873 
21880 
21886 
21918 
21921 
21932 
21934 
21945 
21949 
21969 
21970 
21985 
21987 
21994 
22016 
22027 
22034 
22058 
22061 
22070 
22074 
22076 
22078 
22087 
22098 
22100 
22113 
22119 
22122 
22124 
22137 
22142 
22153 
22155 
22159 
22164 
22173 
22179 
22191 
22225 
22238 
22241 
22247 
22249 
22254 
22256 
22265 
22274 
22283 
22306 
22308 
22313 
22320 
22355 
22362 
22375 
22384 
22393 
22399 
22403 
22405 
22409 
22412 
22427 
22429 
22432 
22443 
22456 
22461 
22463 
22478 
22489 
22502 
22504 
22533 
22537 
22540 
22546 
22551 
22557 
22580 
22597 
22601 
22605 
22610 
22663 
22665 
22676 
22700 
22704 
22706 
22722 
22728 
22735 
22737 
22742 
22746 
22768 
22777 
22788 
22814 
22823 
22829 
22843 
22847 
22849 
22894 
22904 
22911 
22915 
22917 
22933 
22935 
22939 
22948 
22953 
22957 
22964 
22968 
23011 
23044 
23062 
23071 
23080 
23093 
23143 
23150 
23154 
23174 
23181 
23194 
23196 
23200 
23219 
23231 
23242 
23244 
23248 
23255 
23262 
23266 
23268 
23271 
23277 
23284 
23286 
23291 
23297 
23299 
23303 
23305 
23309 
23325 
23361 
23363 
23365 
23367 
23370 
23398 
234 
23435 
23437 
23439 
23442 
23444 
23451 
23455 
23462 
23466 
23486 
23497 
23509 
23514 
23523 
23527 
23549 
23550 
23552 
23554 
23569 
23572 
23585 
23606 
23628 
23631 
23646 
23648 
23651 
23666 
23668 
23677 
23695 
23699 
23701 
23703 
23709 
23710 
23712 
23741 
23749 
23752 
23756 
23761 
23767 
23769 
23790 
23804 
23808 
23811 
23813 
23831 
23840 
23848 
23855 
23871 
23877 
23886 
23888 
23893 
23897 
23907 
23912 
23929 
23934 
23936 
23943 
23950 
23952 
23956 
23963 
23967 
23969 
23970 
23974 
23985 
23990 
23996 
24001 
24007 
24032 
24041 
24043 
24047 
24050 
24067 
24081 
24083 
24085 
24090 
24115 
24119 
24173 
24180 
24188 
24195 
24199 
24209 
24212 
24225 
24229 
24230 
24232 
24236 
24245 
24249 
24270 
24274 
24276 
24281 
24290 
24296 
243 
24304 
24306 
24308 
24313 
24319 
24339 
24355 
24371 
24375 
24380 
24397 
24407 
24416 
24421 
24432 
24436 
24438 
24449 
24450 
24452 
24454 
24456 
24461 
24467 
24485 
24489 
24492 
24494 
245 
24502 
24511 
24515 
2452 
24520 
24528 
24533 
24539 
24546 
24548 
24555 
24559 
24560 
24564 
24573 
24580 
24588 
24595 
24599 
24625 
24629 
24632 
24645 
24658 
24663 
24667 
24669 
24672 
24674 
24683 
24692 
24698 
24704 
24711 
24715 
24720 
24728 
24731 
24755 
24768 
24775 
24780 
24791 
24801 
24803 
24805 
24814 
24823 
24825 
24827 
24829 
24830 
24838 
24841 
24856 
24858 
24861 
24865 
24867 
24878 
24881 
24889 
24890 
24894 
24898 
24911 
24942 
24959 
24962 
24964 
24966 
24980 
24984 
24988 
25000 
25004 
25019 
25022 
25033 
25037 
25042 
25044 
25059 
25080 
25084 
25088 
25095 
25097 
25105 
25109 
25110 
25112 
25114 
25127 
25134 
25136 
25161 
25163 
25169 
25174 
25176 
25178 
25183 
25192 
25196 
25200 
25215 
25228 
25231 
25233 
25237 
25242 
25246 
25248 
25251 
25260 
25262 
25266 
25275 
25277 
25280 
25299 
25301 
25303 
25310 
25325 
25329 
25338 
25354 
25356 
25361 
25363 
25370 
25378 
25394 
25398 
25420 
25437 
25446 
25448 
25453 
25473 
25475 
25484 
25491 
25505 
25509 
25510 
25541 
25554 
25567 
25583 
25594 
256 
25608 
25624 
25637 
25648 
25655 
25745 
25749 
25750 
25754 
25756 
25758 
25770 
25772 
25783 
25789 
25802 
25815 
25820 
25835 
25851 
25853 
25860 
25873 
25879 
25880 
25891 
25918 
25923 
25934 
25949 
25952 
25954 
25963 
25974 
25976 
25978 
25989 
26005 
26034 
26047 
26056 
26063 
26065 
26067 
26076 
26078 
26081 
26087 
26092 
26104 
26111 
26113 
26119 
26128 
26148 
26160 
26164 
26168 
26177 
26179 
26182 
26186 
26203 
26209 
26210 
26216 
26227 
26230 
26234 
26238 
26245 
26250 
26274 
26287 
26290 
26292 
26296 
26304 
26308 
26315 
26320 
26324 
26337 
26342 
26344 
26351 
26353 
26357 
26380 
26382 
26386 
26393 
26401 
26410 
26412 
26416 
26418 
26443 
26452 
26463 
26465 
26470 
26487 
26490 
26511 
26519 
26528 
26531 
26533 
26539 
26544 
26854 
26890 
26915 
26924 
270 
27053 
27073 
27079 
27086 
27088 
27095 
27105 
27123 
27154 
27183 
27187 
27200 
27219 
27226 
27251 
27259 
27264 
27275 
27277 
27279 
27288 
27293 
27297 
27299 
27303 
27325 
27338 
27343 
27347 
27354 
27361 
27369 
27376 
27381 
27385 
27387 
27389 
27398 
274 
2740 
27408 
27422 
27424 
27426 
27435 
2744 
27440 
27448 
27459 
27466 
27473 
27482 
27484 
27486 
27488 
27497 
27503 
27512 
27516 
27525 
27538 
27567 
27570 
27574 
27583 
27606 
28342 
28346 
28355 
28407 
28416 
28434 
28443 
28456 
28463 
28483 
28489 
28498 
28506 
28522 
28533 
28535 
28555 
28562 
28568 
28573 
28579 
28586 
28588 
28605 
28612 
28630 
28634 
2865 
28654 
28663 
28665 
28667 
28669 
28681 
28683 
28687 
28689 
28690 
28692 
28704 
28715 
28720 
28724 
28733 
28737 
28742 
28748 
28762 
28764 
28766 
28786 
28799 
28827 
28829 
28836 
28845 
28854 
28881 
28885 
28890 
28904 
28906 
28968 
28973 
2900 
29002 
29006 
29022 
2935 
2937 
29426 
29516 
29547 
29569 
2957 
296 
2964 
29677 
29703 
2979 
29848 
29877 
29891 
29895 
29916 
29954 
29967 
29974 
30033 
3004 
30059 
30064 
30066 
30079 
30110 
30112 
30118 
30125 
30136 
30138 
30165 
30176 
30187 
30198 
30213 
30215 
30219 
30224 
30233 
30240 
30244 
30282 
30288 
30301 
30332 
30341 
30347 
30369 
30370 
30390 
304 
30408 
30420 
30439 
30459 
30482 
30484 
30493 
30510 
30530 
30534 
30541 
30550 
30567 
30581 
30583 
30590 
30602 
30617 
30624 
30626 
30631 
30635 
30644 
30646 
30651 
30673 
30688 
30691 
30695 
30705 
30716 
3073 
30749 
30750 
30772 
30781 
30783 
3082 
30826 
30828 
30877 
30897 
30901 
30910 
30916 
30929 
3093 
30947 
30950 
30965 
30981 
30994 
31023 
31030 
31043 
31049 
31058 
3107 
31072 
31074 
31108 
31115 
31131 
31135 
31139 
31142 
31146 
3116 
31160 
31162 
31164 
31171 
31199 
31209 
31223 
31236 
31245 
31263 
31269 
31298 
31302 
31331 
31339 
31342 
31351 
31357 
31362 
31364 
31388 
31395 
31397 
3141 
31423 
31430 
31436 
31447 
31449 
31476 
31483 
31487 
31490 
31498 
31502 
31508 
31513 
31524 
31526 
3154 
31546 
31551 
31555 
3156 
31564 
31577 
31607 
3161 
31621 
31632 
31647 
31658 
31661 
3167 
31694 
31711 
31713 
31720 
31742 
31746 
31759 
31762 
31764 
31771 
31775 
31777 
3178 
31784 
31786 
31788 
31814 
31816 
31823 
31834 
31836 
31838 
31874 
31890 
3190 
31915 
31924 
31926 
31937 
3194 
31951 
31957 
31980 
31984 
31991 
31993 
31995 
320 
3200 
32011 
32015 
32017 
32019 
3202 
32031 
32035 
32040 
32042 
32044 
32046 
32048 
32057 
32062 
32079 
32086 
32107 
32112 
32123 
32125 
32127 
32158 
32161 
32178 
32183 
32189 
32200 
32202 
32213 
32244 
32260 
32268 
32271 
32279 
3228 
32280 
32282 
32286 
32301 
32314 
32316 
32321 
32323 
3233 
32330 
32332 
32338 
32341 
32345 
32370 
32372 
32378 
32385 
32387 
32396 
324 
32404 
32406 
32408 
32413 
32419 
32426 
32428 
32433 
32435 
32455 
32462 
32471 
32497 
32523 
32532 
32534 
32536 
32541 
32543 
32549 
32558 
32563 
32565 
32567 
32570 
32572 
32576 
32594 
32596 
326 
32600 
32622 
32628 
3264 
32642 
32648 
32659 
32668 
32671 
32675 
32677 
32679 
3268 
32680 
32684 
32693 
32699 
32703 
32709 
32730 
32732 
32738 
32765 
32767 
32769 
32774 
32781 
32783 
32789 
3280 
32804 
32806 
32808 
32817 
32824 
32831 
32840 
32844 
32851 
32859 
3286 
32862 
32866 
32886 
32888 
32897 
32899 
32905 
32909 
3291 
32914 
32916 
32918 
32921 
32925 
32927 
32950 
32967 
32969 
32978 
32989 
3299 
33003 
33005 
3301 
33012 
33014 
33032 
33041 
33043 
33045 
33047 
3305 
33058 
33061 
33069 
33081 
33085 
33096 
33100 
33104 
33106 
33117 
33119 
33128 
33153 
33155 
33157 
33173 
33223 
33227 
33230 
33236 
33238 
33245 
33247 
33249 
33252 
33261 
33289 
33292 
33296 
333 
33306 
33315 
33320 
33339 
33342 
33353 
33357 
33364 
33368 
33371 
3338 
33382 
33397 
33399 
33403 
33421 
33429 
33432 
33436 
33443 
33456 
33458 
33463 
33470 
33476 
33485 
33487 
33490 
33492 
33496 
33498 
3350 
33500 
33504 
33506 
33519 
33524 
33526 
33531 
33533 
33537 
33540 
33542 
33544 
33546 
33557 
33562 
33564 
33577 
33584 
33586 
33595 
33599 
33610 
33612 
33623 
33625 
33627 
33632 
33634 
33641 
33658 
33661 
33669 
33683 
33690 
337 
33702 
33706 
33708 
33715 
33722 
33731 
3374 
33751 
3376 
33779 
33780 
33782 
33784 
33791 
33797 
33799 
33803 
3381 
33812 
33818 
33825 
33827 
33830 
33832 
33834 
33843 
33845 
33849 
3385 
33850 
33852 
33854 
33861 
33863 
33867 
33870 
33872 
33874 
33881 
33883 
33890 
33896 
33900 
33902 
33904 
33911 
33913 
33919 
33924 
33933 
33935 
33939 
33942 
33946 
3396 
33968 
33973 
33982 
33993 
340 
34000 
34004 
34022 
34033 
34037 
34064 
34066 
34080 
34082 
34091 
34107 
34123 
34134 
34158 
34161 
34163 
34167 
34183 
34189 
342 
3420 
34222 
34226 
34277 
34279 
34305 
34316 
34323 
34327 
34341 
34350 
34356 
34376 
34392 
34404 
34411 
34413 
3442 
34428 
34473 
34491 
34549 
34572 
34574 
34578 
34585 
3459 
34594 
34606 
34611 
3462 
34626 
34639 
34644 
34648 
34657 
34680 
34695 
34697 
34705 
34729 
34747 
34761 
34789 
34790 
348 
34804 
34833 
34837 
34851 
34853 
34857 
34873 
34877 
34879 
34884 
34891 
34893 
34899 
34901 
34907 
34910 
34914 
34918 
3493 
34932 
34941 
34954 
34965 
34978 
34987 
34994 
35001 
35003 
35005 
35007 
35012 
35016 
35018 
35021 
35025 
35029 
35030 
35032 
35034 
35049 
35050 
35056 
35058 
35061 
35063 
35076 
35089 
35117 
35124 
35135 
35137 
35162 
35168 
35180 
35182 
35193 
35209 
35212 
35223 
35227 
35229 
3527 
35278 
35289 
35296 
3530 
35300 
35324 
35337 
3534 
35357 
3536 
35371 
35373 
35377 
35379 
3538 
35401 
35403 
35405 
35407 
35418 
3550 
35533 
3565 
35683 
3569 
3572 
35733 
35737 
3574 
35742 
35759 
35777 
35830 
35843 
35845 
359 
3594 
36024 
36042 
36046 
36062 
36071 
3608 
36093 
36099 
36101 
36105 
36109 
36150 
36154 
36161 
36170 
36178 
36185 
36187 
36190 
36196 
36198 
362 
3620 
36202 
36208 
36237 
36268 
36271 
36277 
36279 
36291 
36297 
36299 
36303 
36310 
36321 
36329 
36347 
36365 
36367 
36392 
36394 
36398 
36408 
36411 
36428 
36437 
36453 
36455 
36457 
36503 
3655 
3671 
368 
3680 
3695 
3707 
3709 
3712 
3718 
3721 
37281 
37294 
37304 
37306 
37322 
37326 
37337 
37348 
3736 
37368 
37371 
37382 
37393 
37409 
37410 
37416 
37418 
37425 
37441 
37452 
37454 
37463 
37472 
37490 
37496 
37504 
37506 
37528 
37531 
37537 
37540 
37542 
37546 
37551 
3756 
37575 
37577 
37579 
37591 
37601 
37603 
37607 
37610 
37621 
37623 
37627 
37630 
37638 
37650 
37652 
37658 
37665 
37674 
37678 
37687 
37690 
37692 
37696 
37698 
37708 
37719 
3772 
37728 
37731 
37739 
37759 
37760 
37777 
37801 
37805 
3781 
37827 
37830 
37832 
37843 
3785 
37850 
37861 
37887 
37926 
37933 
3794 
37942 
37964 
37968 
3815 
3819 
3826 
3853 
386 
38709 
3873 
3875 
38763 
3879 
388 
38848 
38879 
38880 
38897 
38923 
3895 
38952 
38967 
38989 
3899 
38994 
39018 
39032 
39038 
39052 
39087 
3909 
39100 
39113 
39122 
39140 
39142 
39153 
3916 
3918 
39193 
39201 
39203 
39212 
39221 
39223 
3923 
39238 
39256 
39269 
3927 
39283 
39287 
39304 
39326 
39340 
39344 
39348 
39357 
39360 
39371 
3938 
39384 
39386 
39388 
39414 
39421 
39425 
39436 
39452 
39496 
39500 
39506 
39517 
3952 
39524 
39533 
39537 
39540 
39551 
3956 
39562 
39593 
39597 
39599 
39601 
39627 
39629 
39638 
39650 
39663 
39670 
39678 
39681 
39683 
39687 
39692 
3970 
39713 
39717 
39720 
39742 
39748 
39751 
39768 
39771 
39773 
39777 
3978 
39803 
39807 
39830 
39850 
39856 
39858 
39869 
39870 
39885 
39896 
39908 
39919 
3992 
39937 
39944 
39953 
39959 
39960 
3998 
39988 
40027 
40047 
40061 
40065 
40092 
40148 
40159 
40175 
40199 
40201 
40205 
4021 
40210 
40223 
40229 
40245 
40247 
40254 
40267 
4027 
40287 
4029 
40290 
40302 
40304 
40313 
40315 
40326 
40340 
40346 
40348 
40375 
40379 
4038 
40384 
40401 
4041 
40416 
40418 
40427 
40461 
40467 
40476 
40487 
40500 
40502 
40504 
40513 
40520 
40522 
40539 
40542 
40555 
40564 
40573 
40582 
40591 
40607 
40609 
4063 
40630 
40638 
40643 
40654 
40674 
4072 
40722 
40724 
40735 
4074 
40759 
40760 
40762 
40764 
40771 
40780 
40788 
40793 
40803 
40810 
40816 
4083 
40832 
40836 
40863 
40865 
40872 
40874 
40889 
40896 
40902 
40908 
40933 
40937 
40940 
40944 
40946 
40948 
40951 
40953 
40975 
40988 
40995 
40997 
40999 
41004 
41008 
41013 
41017 
4102 
41033 
41037 
4104 
41044 
41075 
41079 
41088 
41091 
41105 
4111 
41114 
41125 
41127 
4113 
41152 
41165 
41167 
41178 
41181 
41187 
41189 
4119 
41198 
4120 
4122 
41222 
41226 
41237 
41248 
41260 
41262 
41268 
41277 
4128 
41291 
41297 
41305 
41309 
41310 
41316 
41318 
41321 
41325 
41327 
41329 
4133 
41330 
41332 
41334 
41345 
41350 
41354 
41356 
41363 
41365 
41374 
41378 
41381 
41390 
4140 
41400 
41402 
41406 
41419 
41420 
41426 
41431 
41435 
41440 
41448 
41457 
4146 
41466 
41475 
41479 
41480 
41488 
41493 
4151 
41510 
41518 
41521 
41532 
41534 
41536 
41538 
41543 
41552 
41556 
41565 
41569 
4157 
41576 
41578 
41581 
4159 
416 
41602 
41604 
41617 
4162 
41628 
41639 
4164 
41642 
41644 
41646 
41651 
4166 
41673 
41675 
41679 
4168 
41684 
41691 
41705 
41707 
4171 
41710 
41716 
41723 
41738 
41743 
41750 
41752 
41783 
41789 
41794 
41804 
41835 
4184 
41873 
41879 
41880 
41891 
41903 
41905 
41927 
4193 
41941 
41950 
41956 
41961 
41963 
4197 
41985 
41998 
42001 
42021 
42023 
42030 
42056 
42065 
42067 
42078 
42085 
4209 
42090 
42092 
42113 
4212 
42120 
42122 
42124 
42137 
4214 
42153 
4216 
42160 
42162 
42166 
42177 
42179 
42184 
42223 
42225 
42254 
42256 
42283 
42298 
423 
4232 
42320 
42322 
42328 
42335 
42339 
42351 
42355 
42360 
42364 
42382 
42386 
42403 
42407 
4241 
42414 
42416 
42418 
42430 
42438 
42454 
42461 
42472 
42478 
42487 
42492 
42498 
42502 
42504 
42511 
42519 
42540 
42544 
42548 
42553 
42555 
42559 
42560 
42568 
42580 
42588 
42593 
42595 
42599 
42601 
42603 
42605 
42607 
42616 
42625 
42630 
42632 
42634 
42643 
42647 
42658 
42663 
4267 
42678 
427 
42704 
42706 
42726 
42731 
42733 
42737 
42739 
42744 
42751 
42755 
42757 
42760 
42771 
42773 
42775 
42782 
42786 
42788 
42791 
42803 
42805 
42809 
42812 
42821 
42827 
42829 
42838 
42841 
42847 
42852 
42858 
42865 
42870 
42876 
42878 
42890 
42894 
42898 
4290 
42904 
42906 
42928 
42944 
42948 
42959 
42964 
42973 
42979 
42991 
42997 
43015 
43019 
43022 
43033 
43044 
43046 
43079 
43082 
43088 
43099 
43110 
43125 
43136 
43150 
43165 
43170 
43174 
43178 
43183 
432 
4320 
43202 
43204 
43211 
43215 
43222 
43224 
43235 
43237 
43277 
43291 
43327 
43343 
43345 
43350 
43352 
43369 
43387 
43389 
434 
43400 
43413 
43415 
43422 
43437 
43451 
4346 
43466 
43471 
4353 
43536 
43541 
43545 
43552 
43569 
43572 
43576 
436 
43600 
43619 
43624 
43640 
43662 
43671 
43680 
43682 
43688 
43697 
43709 
43710 
43712 
43721 
43723 
43743 
43774 
43778 
438 
43811 
43819 
43840 
43842 
43848 
43860 
4388 
43891 
43895 
43927 
43934 
43936 
43945 
43947 
43956 
43961 
43965 
4397 
43970 
43972 
43989 
43994 
44001 
44005 
44007 
44009 
44018 
44023 
44030 
44032 
44034 
44038 
44041 
44054 
44058 
44069 
44074 
44078 
44083 
4409 
44094 
44098 
441 
44100 
44106 
44111 
44120 
44131 
44135 
44137 
44140 
44153 
44155 
44177 
44188 
44199 
44201 
44207 
44212 
44229 
44230 
44241 
44256 
44278 
44289 
44300 
44304 
44319 
44331 
44362 
4438 
44393 
44423 
4443 
44430 
44432 
44443 
44445 
44447 
44450 
44452 
44483 
445 
4458 
4461 
4470 
44720 
44768 
4478 
44795 
44827 
44908 
450 
4500 
45019 
45031 
45042 
4506 
45068 
45084 
45088 
45093 
45095 
45097 
45110 
4513 
45134 
45136 
45145 
45165 
45176 
45187 
45192 
45198 
45200 
45206 
45208 
45219 
45228 
45242 
45244 
4526 
45271 
45273 
45297 
45321 
45327 
4533 
45350 
45365 
45389 
45402 
45413 
45440 
45442 
45471 
4548 
45482 
45499 
45501 
45510 
45521 
4553 
45538 
45543 
45547 
45558 
4562 
4566 
4579 
4584 
4591 
4599 
4607 
46331 
46339 
46359 
4636 
46366 
46373 
46388 
46391 
46412 
46414 
46421 
46436 
46438 
46447 
46519 
46524 
46535 
46546 
46553 
46571 
4658 
46582 
46591 
46595 
46599 
46605 
46609 
46614 
46616 
46618 
4663 
46643 
46652 
46670 
46715 
46720 
46726 
46739 
46740 
46757 
46759 
46762 
46775 
46780 
46791 
46799 
4681 
46821 
46823 
46827 
46829 
46832 
46843 
46845 
46850 
46854 
46861 
46881 
46890 
469 
46911 
46913 
46920 
4694 
46959 
46968 
46988 
47002 
47004 
47006 
4719 
4724 
4728 
4740 
4742 
4748 
47484 
4757 
4759 
4764 
4766 
4768 
4782 
47879 
4788 
47945 
47956 
47963 
47987 
47992 
4805 
48054 
48063 
48069 
4807 
48078 
48085 
48089 
4810 
48108 
48122 
48128 
48133 
4814 
48162 
48171 
48182 
48193 
48203 
48205 
48216 
48227 
48241 
48250 
48269 
4827 
48281 
48294 
483 
48302 
48311 
48319 
48324 
48326 
48335 
48353 
48366 
48373 
48393 
48401 
48403 
48430 
48449 
48483 
48490 
48492 
4850 
48519 
4852 
48526 
48553 
48568 
48579 
48582 
48591 
48599 
48607 
48621 
48632 
4865 
48683 
48692 
48696 
4870 
48715 
48728 
48731 
48737 
48739 
48746 
48760 
48764 
4881 
48821 
48827 
48829 
4883 
48830 
48832 
48845 
48849 
48865 
4887 
48872 
4889 
4890 
48900 
48902 
48908 
48911 
4894 
48980 
48982 
48991 
49006 
49015 
49033 
49060 
49088 
4913 
49138 
49147 
49149 
49156 
49167 
49172 
49176 
4919 
49190 
49202 
49237 
49255 
49259 
49260 
49305 
49307 
49321 
49325 
49330 
49334 
49336 
49347 
49358 
49361 
49374 
49376 
49390 
494 
4940 
49406 
49419 
49422 
49426 
49442 
49451 
49460 
4948 
49497 
49501 
49505 
49516 
49521 
49534 
49541 
49543 
49549 
49558 
49570 
49581 
49587 
49590 
49594 
4960 
49626 
49631 
49640 
49648 
49651 
49659 
49664 
49693 
49705 
49712 
49723 
49725 
4973 
49732 
49734 
49736 
49741 
49745 
49747 
4975 
49754 
49763 
49767 
49778 
4979 
49813 
49820 
49828 
49833 
49837 
49846 
49848 
49857 
4986 
49866 
49868 
49879 
49884 
49891 
4991 
49923 
49929 
49934 
49947 
49961 
49969 
49981 
49992 
49994 
50008 
50024 
50028 
50035 
50039 
5004 
50053 
50055 
50060 
50066 
50071 
50077 
50079 
5008 
50082 
50086 
50101 
50105 
50109 
50114 
50116 
50127 
50134 
50138 
50156 
50163 
50165 
5017 
50170 
50174 
50178 
50194 
50211 
5022 
50235 
50251 
5026 
50260 
50273 
50275 
50280 
50295 
50299 
50314 
50321 
50323 
50327 
50329 
50330 
50343 
50345 
5035 
50356 
5037 
50372 
50374 
50376 
50381 
50385 
50392 
50402 
5042 
50422 
50424 
50444 
50460 
50466 
50468 
50471 
5048 
50482 
50486 
50488 
50499 
50505 
5051 
50510 
50512 
50516 
5053 
50556 
5057 
50576 
50578 
50581 
50585 
50589 
5059 
50598 
50604 
50608 
50615 
50617 
50622 
50628 
50633 
50637 
50644 
50662 
50666 
50668 
50673 
50684 
50695 
50701 
50703 
50707 
5071 
50712 
50716 
50741 
50743 
50749 
50758 
50763 
50783 
5079 
50790 
50800 
50819 
5082 
50828 
50831 
50844 
50846 
5086 
50873 
50877 
5091 
50918 
50921 
50927 
50929 
50932 
50941 
50943 
50945 
50958 
50969 
50972 
50987 
51003 
51009 
5101 
51014 
51038 
5105 
51052 
51061 
51063 
51065 
51070 
51074 
51078 
51083 
51090 
51104 
51135 
51137 
51144 
51148 
51151 
51155 
51162 
51177 
51184 
51197 
51205 
51214 
51218 
51225 
51236 
51245 
5125 
51252 
51258 
51265 
51267 
51278 
51289 
51296 
51311 
51326 
51328 
51331 
51335 
51344 
51348 
51351 
51353 
5136 
51360 
51362 
51368 
51373 
51379 
5138 
51388 
51391 
51393 
51397 
51399 
51405 
51407 
51409 
51410 
51421 
51423 
51425 
51438 
51449 
51454 
51461 
51463 
51467 
51469 
51478 
51481 
51489 
51496 
51500 
51502 
51508 
51517 
51535 
51537 
51542 
51555 
51560 
51566 
51571 
51577 
51579 
5158 
51582 
51601 
51603 
51605 
51607 
51612 
51616 
51630 
51638 
51641 
51647 
51649 
51658 
51665 
51667 
51669 
51670 
51683 
51689 
51692 
51694 
517 
51702 
51704 
51717 
5172 
51722 
51733 
51737 
5174 
51742 
51746 
51753 
51757 
51777 
51780 
51782 
51786 
51793 
51799 
51801 
51809 
51823 
51825 
5183 
51841 
51858 
51867 
51869 
5187 
51881 
51883 
51889 
5189 
51900 
51904 
51913 
51917 
51919 
5192 
51920 
51928 
51933 
51939 
5194 
51948 
51953 
51957 
51960 
51966 
51973 
51977 
51986 
51993 
51995 
52008 
52015 
52017 
52019 
52020 
52033 
52048 
52068 
52079 
5208 
52080 
52084 
52086 
52093 
52105 
52112 
52121 
52132 
52134 
52152 
52165 
52167 
52187 
5220 
52206 
52211 
52213 
52215 
52220 
52235 
52248 
52251 
52255 
52266 
52268 
52310 
52318 
52325 
52329 
52356 
52361 
52376 
52381 
5239 
5240 
52404 
52435 
5244 
52440 
52442 
52446 
52453 
52457 
52459 
52464 
52479 
52521 
52530 
52532 
52534 
52538 
52543 
52545 
52549 
52556 
52569 
52585 
52594 
52596 
5260 
52622 
52624 
52651 
52671 
52691 
52695 
52701 
5271 
52716 
52729 
52783 
52794 
52813 
52819 
5282 
52820 
52826 
52837 
52840 
52846 
5288 
5291 
52918 
5293 
52932 
52936 
52941 
52943 
52945 
5295 
52958 
52969 
52976 
52981 
5299 
52990 
53005 
5301 
53010 
53012 
53014 
53018 
53027 
53043 
5305 
53067 
53069 
53085 
5309 
53096 
53098 
5310 
53108 
53111 
53115 
53117 
5312 
53126 
53131 
53135 
53139 
53153 
53157 
53159 
53162 
53168 
53180 
53195 
53197 
53225 
53241 
53245 
53254 
53265 
53283 
53304 
53313 
53348 
53362 
53377 
5338 
53380 
53386 
53399 
5341 
53414 
53421 
53436 
53441 
53463 
53465 
53467 
5347 
5350 
5352 
5354 
53555 
5356 
5358 
5372 
5374 
53744 
5378 
5381 
53836 
5390 
53919 
5392 
53926 
53931 
53942 
5398 
54033 
54060 
54066 
5408 
54086 
54091 
54109 
54129 
54132 
54138 
54178 
54183 
5419 
54224 
54239 
54262 
54264 
54268 
54271 
54297 
54312 
54329 
54334 
54343 
5435 
54363 
54365 
54367 
54372 
54374 
54378 
54381 
54383 
54385 
54392 
54394 
54400 
54415 
54419 
54422 
54426 
54457 
5446 
54462 
54507 
54509 
54518 
54532 
54547 
5457 
5477 
5479 
5480 
5486 
5488 
5495 
5497 
5507 
5510 
5512 
5516 
5521 
5527 
55355 
55362 
55373 
55391 
55395 
55414 
55418 
55427 
55430 
55445 
55469 
55476 
55481 
55485 
55487 
5549 
55513 
55515 
55519 
55522 
55526 
55531 
55546 
55551 
5556 
55564 
55568 
55579 
55595 
55601 
55616 
55630 
55632 
55641 
55654 
55663 
5567 
55685 
55692 
55706 
55715 
5572 
55720 
55724 
55726 
55748 
55755 
55764 
55768 
5578 
55797 
55799 
55805 
55807 
5581 
55814 
55818 
55823 
5583 
55830 
5587 
55872 
55894 
55913 
55948 
5596 
55980 
55997 
55999 
5602 
56024 
56035 
56053 
56062 
5635 
5637 
5639 
5642 
56484 
5651 
5653 
56534 
56547 
5662 
5664 
5675 
56781 
5679 
56790 
5680 
5699 
56996 
57003 
57014 
57021 
57030 
57032 
57045 
57054 
57074 
57096 
5710 
57104 
57119 
57133 
57135 
57159 
57168 
57179 
57205 
57210 
5723 
57232 
57234 
57236 
57269 
57272 
57281 
57289 
57290 
57306 
57326 
57335 
57339 
57340 
57360 
5741 
57410 
57414 
57418 
57467 
57470 
5749 
57498 
5750 
57508 
57517 
57519 
57553 
57593 
57610 
57612 
57618 
57621 
57623 
5763 
57630 
57643 
57658 
5767 
57676 
57687 
57751 
57755 
57766 
57775 
5778 
57782 
57788 
57791 
57793 
57803 
57807 
57810 
57821 
57829 
57841 
57845 
5785 
57856 
5787 
57883 
57887 
57892 
5792 
57920 
57946 
57948 
57955 
57962 
57977 
57988 
58000 
58024 
58040 
58048 
58055 
5806 
58062 
58077 
58105 
58109 
58110 
58158 
58169 
5820 
58200 
58213 
58246 
58253 
58255 
5826 
58264 
58271 
58275 
58279 
5828 
58299 
58301 
58323 
5833 
58343 
58361 
58367 
58369 
58372 
58417 
58419 
58426 
58435 
5844 
58460 
58486 
58493 
58521 
58523 
58545 
5855 
58567 
5857 
58578 
58587 
58594 
58602 
58611 
58637 
58644 
5866 
58660 
58675 
58680 
58701 
58707 
5871 
58712 
58718 
58723 
58732 
58734 
58736 
58738 
58756 
58765 
58787 
58789 
5879 
5880 
58804 
58822 
58824 
58831 
58833 
5884 
58851 
58875 
5888 
58884 
58888 
58897 
58918 
58929 
58941 
58972 
5899 
59001 
59007 
59014 
59016 
59018 
59023 
59025 
59038 
59041 
59043 
59045 
59047 
59049 
59050 
59052 
59056 
59074 
59078 
59085 
59087 
59089 
5909 
5912 
59120 
59148 
59159 
5916 
59195 
59199 
59203 
59205 
59229 
5923 
59236 
59254 
59256 
59258 
59265 
5927 
59283 
5929 
59290 
59294 
59296 
59298 
5930 
59317 
59320 
59322 
59333 
59335 
59357 
5936 
59373 
59377 
5938 
59391 
59395 
59399 
59401 
59407 
5941 
59427 
59434 
59436 
59438 
59450 
59452 
59458 
59461 
59463 
59469 
59474 
59478 
59487 
59496 
59502 
59506 
59508 
59513 
59515 
59526 
59528 
59540 
59568 
5958 
59582 
59591 
59597 
59601 
59605 
59607 
59610 
59614 
59618 
59625 
5963 
59632 
59634 
59645 
59650 
59663 
59674 
59676 
59681 
59689 
59694 
59702 
59708 
59728 
59731 
59735 
5974 
59748 
59755 
59759 
59762 
59764 
59771 
5978 
59786 
59788 
59803 
59807 
59812 
59825 
59827 
5983 
59834 
59836 
59838 
59843 
59854 
59856 
59863 
5989 
59906 
59931 
59937 
59944 
5996 
59966 
59971 
59973 
59984 
59986 
59991 
59993 
59995 
59999 
6001 
60012 
60016 
60018 
60023 
60043 
60049 
60052 
60054 
60058 
60063 
60065 
6007 
60076 
60078 
60087 
6009 
60092 
60094 
6010 
60100 
60104 
60111 
60117 
60153 
60164 
60173 
60175 
60179 
60180 
60182 
60186 
60188 
60191 
60205 
60212 
60223 
60229 
60238 
60241 
60243 
60252 
60254 
60261 
60283 
60285 
60290 
60294 
60298 
6030 
60306 
60317 
60326 
60328 
6034 
60348 
60353 
60355 
60359 
60364 
60366 
60382 
60386 
60393 
60410 
60412 
60414 
60429 
60436 
60438 
60441 
60443 
60447 
60449 
60458 
60461 
60465 
60467 
60469 
6047 
60470 
60472 
60478 
60490 
60508 
60535 
6054 
60540 
60548 
60551 
60553 
60566 
60575 
60582 
60588 
60593 
6061 
60610 
60614 
60634 
60636 
60647 
60663 
60669 
60672 
60676 
60685 
6069 
60692 
60696 
6070 
60700 
60704 
60706 
60715 
60717 
60719 
60720 
60733 
60739 
60740 
60746 
60751 
60755 
60760 
60766 
60777 
60786 
60793 
60795 
60797 
60809 
60827 
60829 
6083 
60850 
60854 
60861 
60865 
60869 
60870 
60872 
60876 
60878 
60881 
60894 
60896 
60900 
60902 
60908 
60911 
60924 
60931 
6094 
60944 
60953 
60955 
60957 
60959 
6096 
60962 
60971 
60979 
60980 
60984 
60993 
61022 
61024 
61028 
61031 
61035 
61037 
61040 
61042 
61046 
61048 
61062 
61064 
61068 
61071 
61079 
61080 
61084 
61093 
61109 
61112 
61116 
61121 
61125 
61129 
61130 
61132 
61134 
61136 
61145 
61149 
61158 
61161 
61163 
61167 
61181 
61189 
61194 
61208 
61211 
61213 
61226 
61228 
61235 
6124 
61244 
6126 
61273 
6128 
61280 
61295 
61309 
6131 
61310 
61334 
61336 
61338 
61365 
61383 
6139 
61398 
61402 
61408 
61411 
61417 
61419 
61420 
61431 
61440 
61444 
61455 
61459 
61471 
61482 
61493 
61495 
61499 
61505 
61509 
61512 
61532 
61543 
6155 
61572 
61574 
61581 
61585 
61594 
61600 
61608 
61611 
61622 
61631 
61635 
61657 
6166 
61666 
61668 
6168 
61684 
61686 
61691 
61699 
61712 
61714 
6173 
61730 
61749 
61758 
61774 
61776 
61778 
61785 
61792 
61796 
6180 
61806 
61817 
6182 
61820 
61831 
6184 
61844 
61846 
61868 
61875 
61879 
61880 
61884 
61899 
61903 
61910 
61912 
61918 
61932 
61941 
61945 
61947 
61949 
61950 
61967 
6199 
61990 
62003 
62007 
62009 
62010 
62012 
62021 
62023 
62025 
62027 
62029 
6203 
62034 
62038 
62045 
62049 
62052 
62054 
62056 
62065 
62067 
62070 
62078 
62081 
62083 
62096 
6210 
62104 
62117 
62119 
6212 
62133 
62151 
62157 
62186 
6221 
62212 
62223 
6223 
62234 
62241 
62245 
62247 
62289 
62292 
62320 
62324 
62348 
62353 
62366 
62368 
62375 
62379 
62391 
62407 
62412 
62414 
62416 
62436 
62443 
6252 
6258 
6263 
6267 
6270 
62700 
62717 
62728 
62731 
62744 
62753 
6278 
62827 
6283 
62849 
6285 
6287 
6296 
62977 
6304 
6324 
6326 
6357 
6373 
6388 
6414 
6418 
6423 
6429 
6430 
6432 
6436 
6441 
6449 
6450 
6454 
6456 
6469 
6470 
6472 
6474 
6476 
6492 
6513 
6517 
6519 
6520 
6526 
6531 
6533 
6539 
6551 
6557 
6562 
6566 
6580 
6584 
6601 
6609 
6616 
6618 
6621 
6629 
6630 
6636 
6645 
6649 
6658 
6661 
6667 
6670 
6674 
6676 
6683 
6689 
6706 
6708 
6719 
6724 
6726 
6728 
6733 
6742 
6744 
6746 
6755 
6759 
6762 
6773 
6775 
6780 
6784 
6788 
6791 
6793 
6801 
6803 
6809 
6814 
6825 
6834 
6836 
6849 
6854 
6856 
6863 
6867 
6869 
6874 
6883 
6887 
6894 
69 
6902 
6908 
6920 
6924 
6931 
6935 
6939 
6942 
6946 
6959 
6982 
6984 
6986 
6993 
6995 
7 
7002 
7004 
7015 
7019 
7022 
7037 
7046 
7048 
7051 
7053 
7066 
7071 
7075 
7077 
7079 
7082 
7084 
7086 
7129 
7136 
7141 
7181 
7185 
7206 
7219 
7224 
7226 
7235 
7240 
7244 
7248 
7255 
7262 
7264 
7277 
7286 
7299 
7307 
7310 
7316 
7341 
7347 
7350 
7352 
7365 
7374 
7400 
7402 
7404 
7406 
7411 
7420 
7422 
7428 
7437 
7440 
7446 
7464 
7482 
7486 
7488 
7514 
7523 
7556 
7558 
7572 
7576 
7578 
7608 
7613 
7620 
7624 
7628 
7655 
7659 
7680 
7699 
7712 
7718 
7723 
7738 
7741 
7745 
7750 
7769 
7772 
7781 
7813 
7831 
7844 
7846 
7862 
7868 
7877 
7880 
7882 
7884 
7886 
7895 
7910 
7912 
7925 
7929 
7934 
7950 
7963 
7967 
7974 
7978 
7994 
7996 
7998 
8003 
8005 
8009 
8010 
8014 
8016 
8021 
8023 
8029 
8036 
8052 
8054 
8081 
8100 
8113 
8122 
8131 
8146 
8148 
8157 
8162 
8173 
8175 
8193 
8195 
8197 
8199 
8207 
8270 
8274 
8278 
8287 
8298 
83 
8302 
8308 
8319 
8322 
8324 
8328 
8342 
8351 
8375 
8379 
8382 
8384 
8388 
8403 
8704 
8708 
8722 
8760 
8827 
8966 
8968 
8973 
8975 
9008 
9013 
9039 
9048 
9055 
9066 
9071 
9086 
9099 
9101 
9105 
9109 
9114 
9118 
9123 
9125 
9132 
9141 
9149 
9150 
9161 
9165 
9170 
9174 
9202 
9204 
9219 
9224 
9237 
9264 
9273 
9275 
9288 
9291 
9301 
9307 
9316 
9318 
9325 
9327 
9332 
9361 
9394 
9398 
9402 
9404 
9413 
9415 
9419 
9422 
9426 
9442 
