10120 
10137 
10966 
10968 
11006 
11037 
11145 
11181 
11215 
11361 
11363 
11446 
11497 
11516 
11523 
11585 
11626 
11635 
11662 
11697 
1175 
11750 
11752 
11774 
11844 
11857 
11895 
11901 
1191 
11916 
11930 
12128 
1214 
12148 
12151 
12218 
12353 
1241 
1243 
1250 
1258 
12656 
12825 
12908 
16805 
17697 
17699 
17787 
17815 
17837 
17903 
17967 
17972 
17989 
18043 
18089 
18111 
18124 
18713 
18720 
18757 
18791 
18793 
18869 
19006 
19019 
19028 
19051 
19192 
19204 
19208 
19268 
19332 
19334 
19420 
19439 
19460 
20150 
20165 
20198 
20297 
20327 
20440 
20475 
20563 
20596 
20598 
20648 
20710 
20725 
20804 
20857 
20882 
20954 
20994 
21007 
21070 
21083 
2110 
21108 
21139 
21151 
21175 
21177 
21180 
21227 
21245 
21302 
21379 
21498 
21533 
21928 
21977 
2211 
22112 
2286 
2297 
2329 
2390 
2402 
2455 
2475 
2505 
25719 
25832 
2608 
2615 
2631 
26406 
26673 
26693 
26697 
26714 
26725 
26741 
26824 
26905 
27007 
2732 
27649 
27661 
27674 
27678 
27708 
27786 
27836 
27858 
27900 
28002 
28152 
28172 
28222 
28248 
28259 
2893 
29115 
29173 
29209 
2921 
29210 
2923 
29245 
29362 
29364 
29447 
29454 
29526 
29546 
29612 
29634 
29706 
29780 
29809 
29997 
30087 
3014 
30205 
30216 
30221 
30289 
30296 
30355 
30360 
30397 
30399 
30463 
30658 
30713 
30847 
30865 
3089 
3092 
3221 
3339 
3355 
3393 
3397 
34492 
35435 
3544 
35444 
35464 
35486 
35646 
35677 
35721 
35789 
35987 
35992 
36030 
36577 
3670 
36931 
37002 
37022 
37132 
37156 
37192 
37204 
37262 
37277 
37305 
37372 
37381 
3739 
38083 
38171 
38184 
3821 
38241 
38290 
38294 
38315 
38373 
38393 
38395 
38416 
38443 
38551 
38579 
38586 
38652 
38661 
38708 
38711 
3872 
38816 
38904 
39091 
39110 
39156 
39257 
39383 
39512 
39561 
39608 
39695 
40000 
40066 
40116 
40361 
4176 
4213 
42390 
43621 
43654 
44589 
44620 
44679 
44682 
44697 
44776 
44785 
44833 
44835 
44930 
44936 
45038 
45375 
45610 
45650 
45663 
45667 
45720 
45751 
45863 
45898 
45933 
45937 
45980 
45995 
45997 
46019 
46024 
46084 
46114 
46125 
46158 
46240 
46255 
46264 
46279 
46309 
46361 
47069 
47113 
47144 
47223 
47256 
47274 
47276 
47342 
47366 
47405 
47423 
47441 
47485 
47500 
47535 
47614 
47625 
47636 
47685 
47687 
47838 
48004 
48084 
48172 
48174 
48239 
48257 
48284 
48321 
48341 
48345 
48358 
48554 
48611 
49005 
49038 
49102 
49340 
53352 
53556 
53954 
54050 
54078 
54591 
54719 
54869 
54878 
549 
54913 
54960 
54980 
55017 
55051 
55057 
55075 
55105 
55253 
55325 
55330 
55338 
55363 
56089 
56096 
56144 
56166 
56256 
56317 
56449 
56526 
56573 
56641 
56665 
56708 
56715 
56764 
56823 
56861 
57048 
57169 
57187 
57237 
57299 
57329 
57406 
57521 
57596 
57868 
58135 
61524 
62453 
62462 
62499 
62576 
626 
62642 
62668 
62721 
62752 
62853 
62880 
62884 
62918 
62967 
8149 
8576 
8905 
899 
907 
910 
9584 
9630 
9643 
9698 
9728 
9766 
9889 
9919 
10019 
10057 
10215 
1059 
1064 
1080 
10989 
11005 
1101 
11014 
11122 
11139 
11216 
11265 
11296 
11436 
11562 
11586 
11591 
1172 
11821 
11861 
12033 
12101 
12147 
12187 
12202 
12345 
12349 
12420 
12543 
12824 
13687 
16729 
16790 
17306 
17757 
18783 
18792 
18815 
18844 
18899 
18961 
18976 
18987 
19102 
19117 
19173 
19221 
19269 
19281 
19386 
19418 
2012 
20144 
20157 
20175 
20188 
20335 
20351 
20362 
20386 
20395 
20401 
20436 
20447 
20450 
20481 
20494 
20584 
20601 
20685 
20731 
20962 
21031 
21048 
21055 
21080 
21152 
21194 
21206 
2135 
21352 
21462 
21473 
21501 
21570 
21578 
21615 
21640 
21664 
21710 
21732 
22001 
22014 
2243 
2296 
23448 
2405 
2414 
2427 
2520 
25857 
26580 
26641 
26704 
2674 
26771 
26829 
2683 
26852 
2690 
26908 
26955 
26960 
26982 
27019 
2720 
27727 
27765 
27781 
27903 
27945 
28061 
28063 
28065 
28074 
28087 
28100 
28175 
28201 
28230 
2869 
29033 
29039 
2904 
29082 
29103 
29213 
2924 
29301 
29309 
2933 
29343 
29370 
29501 
29510 
29549 
29550 
29589 
29673 
29723 
29730 
29774 
29790 
29880 
30039 
30071 
30095 
30130 
30169 
30307 
30545 
3071 
30905 
3091 
30930 
31016 
31065 
3345 
3440 
34615 
34675 
3497 
3501 
3505 
35054 
35584 
35715 
35728 
35766 
35836 
35872 
35876 
35883 
36532 
36635 
36662 
36697 
36699 
36783 
36974 
37021 
37045 
37076 
37083 
37106 
37108 
37124 
37135 
37160 
37212 
37232 
38000 
38073 
38123 
38138 
38196 
38204 
38352 
38392 
38428 
38484 
38493 
38521 
38565 
38624 
38639 
38657 
38701 
38703 
38716 
38772 
38796 
38853 
38871 
38934 
39081 
39225 
39290 
39306 
39308 
39382 
39667 
39832 
39890 
39962 
40128 
4047 
4175 
44344 
44782 
44959 
45008 
45075 
45581 
45587 
45613 
45626 
45648 
45721 
45743 
45772 
45837 
45860 
45907 
45918 
45954 
46142 
46157 
46203 
47084 
47088 
47114 
47143 
47161 
47198 
47284 
47303 
47376 
47437 
47556 
47561 
47604 
47633 
47657 
47747 
47927 
47936 
48058 
48131 
48168 
48173 
48199 
48603 
48719 
48861 
49187 
49200 
535 
53513 
53524 
53544 
53548 
53629 
53683 
53786 
53999 
542 
54619 
54754 
54758 
54792 
54914 
54943 
54961 
55032 
55061 
55096 
55100 
55106 
55153 
55193 
55258 
55269 
55320 
55436 
56091 
56093 
56101 
56145 
56189 
56208 
56213 
56215 
56244 
56309 
56318 
56361 
56363 
56369 
56480 
56497 
56554 
56624 
56673 
56837 
56905 
56941 
56994 
57050 
57094 
57122 
57128 
57355 
57375 
57377 
57421 
57492 
57562 
57805 
58064 
58233 
584 
61802 
62470 
62478 
62748 
643 
762 
7947 
814 
834 
836 
8414 
8492 
8669 
8678 
8742 
8850 
8870 
8898 
894 
8951 
8955 
8960 
908 
915 
922 
951 
953 
9534 
9594 
9707 
9756 
9787 
9794 
980 
986 
9879 
9967 
9987 
9989 
